t_sec, t_nanosec, x, y, orientation_x, orientation_y, orientation_z, orientation_w, longitudinal_velocity_mps, lateral_velocity_mps, acceleration_mps2, heading_rate_rps, front_wheel_angle_rad, rear_wheel_angle_rad
0, 0, 0, 0, 0, 0, 0, 1, 0, 0, 0, 0, 0, 0
0, 0, 0.100112, 0, 0, 0, 0, 1, 0, 0, 0, 0, 0, 0
0, 0, 0.203815, 0, 0, 0, 0, 1, 0, 0, 0, 0, 0, 0
0, 0, 0.305313, 0, 0, 0, 0, 1, 0, 0, 0, 0, 0, 0
0, 0, 0.409054, 0, 0, 0, 0, 1, 0, 0, 0, 0, 0, 0
0, 0, 0.513602, 0, 0, 0, 0, 1, 0, 0, 0, 0, 0, 0
0, 0, 0.618439, 0, 0, 0, 0, 1, 0, 0, 0, 0, 0, 0
0, 0, 0.72338, 0, 0, 0, 0, 1, 0, 0, 0, 0, 0, 0
0, 0, 0.828359, -4.03736e-07, -0, 0, 0.000121145, -1, 0, 0, 0, 0, 0, 0
0, 0, 0.933256, -0.00359511, -0, 0, 0.0408182, -0.999167, 0, 0, 0, 0, 0, 0
0, 0, 1.0373, -0.0173615, -0, 0, 0.0905891, -0.995888, 0, 0, 0, 0, 0, 0
0, 0, 1.13946, -0.0414228, -0, 0, 0.140135, -0.990132, 0, 0, 0, 0, 0, 0
0, 0, 1.23876, -0.075432, -0, 0, 0.184034, -0.98292, 0, 0, 0, 0, 0, 0
0, 0, 1.33731, -0.111601, -0, 0, 0.154233, -0.988035, 0, 0, 0, 0, 0, 0
0, 0, 1.43875, -0.138564, -0, 0, 0.104773, -0.994496, 0, 0, 0, 0, 0, 0
0, 0, 1.54236, -0.155291, -0, 0, 0.0550528, -0.998483, 0, 0, 0, 0, 0, 0
0, 0, 1.64713, -0.161651, -0, 0, 0.00778784, -0.99997, 0, 0, 0, 0, 0, 0
0, 0, 1.75212, -0.162699, -0, 0, 0.00474642, -0.999989, 0, 0, 0, 0, 0, 0
0, 0, 1.85712, -0.163695, -0, 0, 0.00474642, -0.999989, 0, 0, 0, 0, 0, 0
0, 0, 1.96211, -0.164692, -0, 0, 0.00474642, -0.999989, 0, 0, 0, 0, 0, 0
0, 0, 2.06711, -0.165689, -0, 0, 0.00474642, -0.999989, 0, 0, 0, 0, 0, 0
0, 0, 2.1721, -0.166685, -0, 0, 0.00474642, -0.999989, 0, 0, 0, 0, 0, 0
0, 0, 2.2771, -0.167682, -0, 0, 0.00474642, -0.999989, 0, 0, 0, 0, 0, 0
0, 0, 2.38209, -0.168679, -0, 0, 0.00474642, -0.999989, 0, 0, 0, 0, 0, 0
0, 0, 2.48709, -0.169676, -0, 0, 0.00474642, -0.999989, 0, 0, 0, 0, 0, 0
0, 0, 2.59208, -0.170672, -0, 0, 0.00474642, -0.999989, 0, 0, 0, 0, 0, 0
0, 0, 2.69708, -0.171669, -0, 0, 0.00474642, -0.999989, 0, 0, 0, 0, 0, 0
0, 0, 2.80207, -0.172666, -0, 0, 0.00474642, -0.999989, 0, 0, 0, 0, 0, 0
0, 0, 2.90707, -0.173663, -0, 0, 0.00474642, -0.999989, 0, 0, 0, 0, 0, 0
0, 0, 3.01206, -0.174659, -0, 0, 0.00474642, -0.999989, 0, 0, 0, 0, 0, 0
0, 0, 3.11706, -0.175656, -0, 0, 0.00474642, -0.999989, 0, 0, 0, 0, 0, 0
0, 0, 3.21706, -0.176605, -0, 0, 0.00474642, -0.999989, 0, 0, 0, 0, 0, 0
0, 0, 3.31705, -0.177555, -0, 0, 0.00474642, -0.999989, 0, 0, 0, 0, 0, 0
0, 0, 3.41705, -0.178504, -0, 0, 0.00474642, -0.999989, 0, 0, 0, 0, 0, 0
0, 0, 3.51704, -0.179453, -0, 0, 0.00474642, -0.999989, 0, 0, 0, 0, 0, 0
0, 0, 3.61704, -0.180402, -0, 0, 0.00474642, -0.999989, 0, 0, 0, 0, 0, 0
0, 0, 3.71703, -0.181352, -0, 0, 0.00474642, -0.999989, 0, 0, 0, 0, 0, 0
0, 0, 3.81703, -0.182301, -0, 0, 0.00474642, -0.999989, 0, 0, 0, 0, 0, 0
0, 0, 3.91702, -0.18325, -0, 0, 0.00474642, -0.999989, 0, 0, 0, 0, 0, 0
0, 0, 4.01702, -0.1842, -0, 0, 0.00474642, -0.999989, 0, 0, 0, 0, 0, 0
0, 0, 4.12201, -0.185196, -0, 0, 0.00474642, -0.999989, 0, 0, 0, 0, 0, 0
0, 0, 4.22701, -0.186193, -0, 0, 0.00474642, -0.999989, 0, 0, 0, 0, 0, 0
0, 0, 4.33201, -0.18719, -0, 0, 0.00474642, -0.999989, 0, 0, 0, 0, 0, 0
0, 0, 4.437, -0.188187, -0, 0, 0.00474642, -0.999989, 0, 0, 0, 0, 0, 0
0, 0, 4.542, -0.189183, -0, 0, 0.00474642, -0.999989, 0, 0, 0, 0, 0, 0
0, 0, 4.64699, -0.19018, -0, 0, 0.00474642, -0.999989, 0, 0, 0, 0, 0, 0
0, 0, 4.75199, -0.191177, -0, 0, 0.00474642, -0.999989, 0, 0, 0, 0, 0, 0
0, 0, 4.85698, -0.192173, -0, 0, 0.00474642, -0.999989, 0, 0, 0, 0, 0, 0
0, 0, 4.96198, -0.19317, -0, 0, 0.00474642, -0.999989, 0, 0, 0, 0, 0, 0
0, 0, 5.06697, -0.194167, -0, 0, 0.00474642, -0.999989, 0, 0, 0, 0, 0, 0
0, 0, 5.17197, -0.195164, -0, 0, 0.00474642, -0.999989, 0, 0, 0, 0, 0, 0
0, 0, 5.27696, -0.19616, -0, 0, 0.00474642, -0.999989, 0, 0, 0, 0, 0, 0
0, 0, 5.38196, -0.197157, -0, 0, 0.00474642, -0.999989, 0, 0, 0, 0, 0, 0
0, 0, 5.48695, -0.198154, -0, 0, 0.00474642, -0.999989, 0, 0, 0, 0, 0, 0
0, 0, 5.59195, -0.199151, -0, 0, 0.00474642, -0.999989, 0, 0, 0, 0, 0, 0
0, 0, 5.69694, -0.200147, -0, 0, 0.00474642, -0.999989, 0, 0, 0, 0, 0, 0
0, 0, 5.80194, -0.201144, -0, 0, 0.00474642, -0.999989, 0, 0, 0, 0, 0, 0
0, 0, 5.90693, -0.202141, -0, 0, 0.00474642, -0.999989, 0, 0, 0, 0, 0, 0
0, 0, 6.01193, -0.203138, -0, 0, 0.00474642, -0.999989, 0, 0, 0, 0, 0, 0
0, 0, 6.11692, -0.204134, -0, 0, 0.00474642, -0.999989, 0, 0, 0, 0, 0, 0
0, 0, 6.22192, -0.205131, -0, 0, 0.00474642, -0.999989, 0, 0, 0, 0, 0, 0
0, 0, 6.32692, -0.206128, -0, 0, 0.00474642, -0.999989, 0, 0, 0, 0, 0, 0
0, 0, 6.43191, -0.207125, -0, 0, 0.00474642, -0.999989, 0, 0, 0, 0, 0, 0
0, 0, 6.53691, -0.208121, -0, 0, 0.00474642, -0.999989, 0, 0, 0, 0, 0, 0
0, 0, 6.6419, -0.209118, -0, 0, 0.00474642, -0.999989, 0, 0, 0, 0, 0, 0
0, 0, 6.7469, -0.210115, -0, 0, 0.00474642, -0.999989, 0, 0, 0, 0, 0, 0
0, 0, 6.85189, -0.211111, -0, 0, 0.00474642, -0.999989, 0, 0, 0, 0, 0, 0
0, 0, 6.95689, -0.212108, -0, 0, 0.00474642, -0.999989, 0, 0, 0, 0, 0, 0
0, 0, 7.06188, -0.213105, -0, 0, 0.00474642, -0.999989, 0, 0, 0, 0, 0, 0
0, 0, 7.16688, -0.214102, -0, 0, 0.00474642, -0.999989, 0, 0, 0, 0, 0, 0
0, 0, 7.27187, -0.215098, -0, 0, 0.00474642, -0.999989, 0, 0, 0, 0, 0, 0
0, 0, 7.37687, -0.216095, -0, 0, 0.00474642, -0.999989, 0, 0, 0, 0, 0, 0
0, 0, 7.48186, -0.217092, -0, 0, 0.00474642, -0.999989, 0, 0, 0, 0, 0, 0
0, 0, 7.58686, -0.218089, -0, 0, 0.00474642, -0.999989, 0, 0, 0, 0, 0, 0
0, 0, 7.69185, -0.219085, -0, 0, 0.00474642, -0.999989, 0, 0, 0, 0, 0, 0
0, 0, 7.79685, -0.220082, -0, 0, 0.00474642, -0.999989, 0, 0, 0, 0, 0, 0
0, 0, 7.90184, -0.221079, -0, 0, 0.00474642, -0.999989, 0, 0, 0, 0, 0, 0
0, 0, 8.00684, -0.222076, -0, 0, 0.00474642, -0.999989, 0, 0, 0, 0, 0, 0
0, 0, 8.10683, -0.223025, -0, 0, 0.00474642, -0.999989, 0, 0, 0, 0, 0, 0
0, 0, 8.20683, -0.223974, -0, 0, 0.00474642, -0.999989, 0, 0, 0, 0, 0, 0
0, 0, 8.30683, -0.224923, -0, 0, 0.00474642, -0.999989, 0, 0, 0, 0, 0, 0
0, 0, 8.40682, -0.225873, -0, 0, 0.00474642, -0.999989, 0, 0, 0, 0, 0, 0
0, 0, 8.51178, -0.224042, 0, 0, 0.0313297, 0.999509, 0, 0, 0, 0, 0, 0
0, 0, 8.61607, -0.212253, 0, 0, 0.0811307, 0.996703, 0, 0, 0, 0, 0, 0
0, 0, 8.71867, -0.190135, 0, 0, 0.13073, 0.991418, 0, 0, 0, 0, 0, 0
0, 0, 8.81856, -0.157908, 0, 0, 0.180004, 0.983666, 0, 0, 0, 0, 0, 0
0, 0, 8.91473, -0.115892, 0, 0, 0.22883, 0.973466, 0, 0, 0, 0, 0, 0
0, 0, 9.00625, -0.0645047, 0, 0, 0.277087, 0.960845, 0, 0, 0, 0, 0, 0
0, 0, 9.09219, -0.0042578, 0, 0, 0.324654, 0.945833, 0, 0, 0, 0, 0, 0
0, 0, 9.17171, 0.0642501, 0, 0, 0.371413, 0.928468, 0, 0, 0, 0, 0, 0
0, 0, 9.244, 0.140337, 0, 0, 0.417249, 0.908792, 0, 0, 0, 0, 0, 0
0, 0, 9.30836, 0.223247, 0, 0, 0.462046, 0.886856, 0, 0, 0, 0, 0, 0
0, 0, 9.36414, 0.312155, 0, 0, 0.505694, 0.862713, 0, 0, 0, 0, 0, 0
0, 0, 9.41079, 0.406176, 0, 0, 0.548084, 0.836423, 0, 0, 0, 0, 0, 0
0, 0, 9.44783, 0.504376, 0, 0, 0.58911, 0.808053, 0, 0, 0, 0, 0, 0
0, 0, 9.47492, 0.605778, 0, 0, 0.62867, 0.777672, 0, 0, 0, 0, 0, 0
0, 0, 9.49177, 0.709373, 0, 0, 0.666666, 0.745356, 0, 0, 0, 0, 0, 0
0, 0, 9.49821, 0.814131, 0, 0, 0.703004, 0.711186, 0, 0, 0, 0, 0, 0
0, 0, 9.49419, 0.919011, 0, 0, 0.737592, 0.675247, 0, 0, 0, 0, 0, 0
0, 0, 9.48208, 1.0233, 0, 0, 0.749015, 0.662553, 0, 0, 0, 0, 0, 0
0, 0, 9.46929, 1.12752, 0, 0, 0.747726, 0.664007, 0, 0, 0, 0, 0, 0
0, 0, 9.46135, 1.23218, 0, 0, 0.716391, 0.697699, 0, 0, 0, 0, 0, 0
0, 0, 9.46318, 1.33714, 0, 0, 0.692472, 0.721445, 0, 0, 0, 0, 0, 0
0, 0, 9.46748, 1.44205, 0, 0, 0.692472, 0.721445, 0, 0, 0, 0, 0, 0
0, 0, 9.47178, 1.54696, 0, 0, 0.692472, 0.721445, 0, 0, 0, 0, 0, 0
0, 0, 9.47608, 1.65188, 0, 0, 0.692472, 0.721445, 0, 0, 0, 0, 0, 0
0, 0, 9.48038, 1.75679, 0, 0, 0.692472, 0.721445, 0, 0, 0, 0, 0, 0
0, 0, 9.48468, 1.8617, 0, 0, 0.692472, 0.721445, 0, 0, 0, 0, 0, 0
0, 0, 9.48898, 1.96661, 0, 0, 0.692472, 0.721445, 0, 0, 0, 0, 0, 0
0, 0, 9.49328, 2.07152, 0, 0, 0.692472, 0.721445, 0, 0, 0, 0, 0, 0
0, 0, 9.49759, 2.17644, 0, 0, 0.692472, 0.721445, 0, 0, 0, 0, 0, 0
0, 0, 9.50189, 2.28135, 0, 0, 0.692472, 0.721445, 0, 0, 0, 0, 0, 0
0, 0, 9.50619, 2.38626, 0, 0, 0.692472, 0.721445, 0, 0, 0, 0, 0, 0
0, 0, 9.51049, 2.49117, 0, 0, 0.692472, 0.721445, 0, 0, 0, 0, 0, 0
0, 0, 9.51479, 2.59608, 0, 0, 0.692472, 0.721445, 0, 0, 0, 0, 0, 0
0, 0, 9.51909, 2.701, 0, 0, 0.692472, 0.721445, 0, 0, 0, 0, 0, 0
0, 0, 9.52339, 2.80591, 0, 0, 0.692472, 0.721445, 0, 0, 0, 0, 0, 0
0, 0, 9.52769, 2.91082, 0, 0, 0.692472, 0.721445, 0, 0, 0, 0, 0, 0
0, 0, 9.532, 3.01573, 0, 0, 0.692472, 0.721445, 0, 0, 0, 0, 0, 0
0, 0, 9.5363, 3.12064, 0, 0, 0.692472, 0.721445, 0, 0, 0, 0, 0, 0
0, 0, 9.5406, 3.22555, 0, 0, 0.692472, 0.721445, 0, 0, 0, 0, 0, 0
0, 0, 9.5449, 3.33047, 0, 0, 0.692472, 0.721445, 0, 0, 0, 0, 0, 0
0, 0, 9.5492, 3.43538, 0, 0, 0.692472, 0.721445, 0, 0, 0, 0, 0, 0
0, 0, 9.5535, 3.54029, 0, 0, 0.692472, 0.721445, 0, 0, 0, 0, 0, 0
0, 0, 9.5578, 3.6452, 0, 0, 0.692472, 0.721445, 0, 0, 0, 0, 0, 0
0, 0, 9.5621, 3.75011, 0, 0, 0.692472, 0.721445, 0, 0, 0, 0, 0, 0
0, 0, 9.56641, 3.85503, 0, 0, 0.692472, 0.721445, 0, 0, 0, 0, 0, 0
0, 0, 9.57071, 3.95994, 0, 0, 0.692472, 0.721445, 0, 0, 0, 0, 0, 0
0, 0, 9.57501, 4.06485, 0, 0, 0.692472, 0.721445, 0, 0, 0, 0, 0, 0
0, 0, 9.57931, 4.16976, 0, 0, 0.692472, 0.721445, 0, 0, 0, 0, 0, 0
0, 0, 9.58361, 4.27467, 0, 0, 0.692472, 0.721445, 0, 0, 0, 0, 0, 0
0, 0, 9.58791, 4.37958, 0, 0, 0.692472, 0.721445, 0, 0, 0, 0, 0, 0
0, 0, 9.59221, 4.4845, 0, 0, 0.692472, 0.721445, 0, 0, 0, 0, 0, 0
0, 0, 9.59651, 4.58941, 0, 0, 0.692472, 0.721445, 0, 0, 0, 0, 0, 0
0, 0, 9.60082, 4.69432, 0, 0, 0.692472, 0.721445, 0, 0, 0, 0, 0, 0
0, 0, 9.60512, 4.79923, 0, 0, 0.692472, 0.721445, 0, 0, 0, 0, 0, 0
0, 0, 9.60942, 4.90414, 0, 0, 0.692472, 0.721445, 0, 0, 0, 0, 0, 0
0, 0, 9.61372, 5.00906, 0, 0, 0.692472, 0.721445, 0, 0, 0, 0, 0, 0
0, 0, 9.61802, 5.11397, 0, 0, 0.692472, 0.721445, 0, 0, 0, 0, 0, 0
0, 0, 9.62232, 5.21888, 0, 0, 0.692472, 0.721445, 0, 0, 0, 0, 0, 0
0, 0, 9.62662, 5.32379, 0, 0, 0.692472, 0.721445, 0, 0, 0, 0, 0, 0
0, 0, 9.63092, 5.4287, 0, 0, 0.692472, 0.721445, 0, 0, 0, 0, 0, 0
0, 0, 9.63523, 5.53362, 0, 0, 0.692472, 0.721445, 0, 0, 0, 0, 0, 0
0, 0, 9.63953, 5.63853, 0, 0, 0.692472, 0.721445, 0, 0, 0, 0, 0, 0
0, 0, 9.64383, 5.74344, 0, 0, 0.692472, 0.721445, 0, 0, 0, 0, 0, 0
0, 0, 9.64813, 5.84835, 0, 0, 0.692472, 0.721445, 0, 0, 0, 0, 0, 0
0, 0, 9.65243, 5.95326, 0, 0, 0.692472, 0.721445, 0, 0, 0, 0, 0, 0
0, 0, 9.65673, 6.05817, 0, 0, 0.692472, 0.721445, 0, 0, 0, 0, 0, 0
0, 0, 9.66103, 6.16309, 0, 0, 0.692472, 0.721445, 0, 0, 0, 0, 0, 0
0, 0, 9.66533, 6.268, 0, 0, 0.692472, 0.721445, 0, 0, 0, 0, 0, 0
0, 0, 9.66964, 6.37291, 0, 0, 0.692472, 0.721445, 0, 0, 0, 0, 0, 0
0, 0, 9.67394, 6.47782, 0, 0, 0.692472, 0.721445, 0, 0, 0, 0, 0, 0
0, 0, 9.67824, 6.58273, 0, 0, 0.692472, 0.721445, 0, 0, 0, 0, 0, 0
0, 0, 9.68254, 6.68765, 0, 0, 0.692472, 0.721445, 0, 0, 0, 0, 0, 0
0, 0, 9.68684, 6.79256, 0, 0, 0.692472, 0.721445, 0, 0, 0, 0, 0, 0
0, 0, 9.69114, 6.89747, 0, 0, 0.692472, 0.721445, 0, 0, 0, 0, 0, 0
0, 0, 9.69544, 7.00238, 0, 0, 0.692472, 0.721445, 0, 0, 0, 0, 0, 0
0, 0, 9.69974, 7.10729, 0, 0, 0.692472, 0.721445, 0, 0, 0, 0, 0, 0
0, 0, 9.70405, 7.21221, 0, 0, 0.692472, 0.721445, 0, 0, 0, 0, 0, 0
0, 0, 9.70835, 7.31712, 0, 0, 0.692472, 0.721445, 0, 0, 0, 0, 0, 0
0, 0, 9.71265, 7.42203, 0, 0, 0.692472, 0.721445, 0, 0, 0, 0, 0, 0
0, 0, 9.71641, 7.52696, 0, 0, 0.703004, 0.711186, 0, 0, 0, 0, 0, 0
0, 0, 9.71239, 7.63184, 0, 0, 0.737592, 0.675247, 0, 0, 0, 0, 0, 0
0, 0, 9.69794, 7.7358, 0, 0, 0.770345, 0.637627, 0, 0, 0, 0, 0, 0
0, 0, 9.67321, 7.8378, 0, 0, 0.801182, 0.598421, 0, 0, 0, 0, 0, 0
0, 0, 9.63844, 7.93683, 0, 0, 0.830025, 0.557726, 0, 0, 0, 0, 0, 0
0, 0, 9.59399, 8.0319, 0, 0, 0.856803, 0.515643, 0, 0, 0, 0, 0, 0
0, 0, 9.54028, 8.12208, 0, 0, 0.88145, 0.472278, 0, 0, 0, 0, 0, 0
0, 0, 9.47786, 8.20646, 0, 0, 0.903903, 0.427737, 0, 0, 0, 0, 0, 0
0, 0, 9.40734, 8.28419, 0, 0, 0.924108, 0.382133, 0, 0, 0, 0, 0, 0
0, 0, 9.32944, 8.35452, 0, 0, 0.942013, 0.335577, 0, 0, 0, 0, 0, 0
0, 0, 9.24491, 8.41674, 0, 0, 0.957574, 0.288187, 0, 0, 0, 0, 0, 0
0, 0, 9.15461, 8.47024, 0, 0, 0.970753, 0.240079, 0, 0, 0, 0, 0, 0
0, 0, 9.05943, 8.51447, 0, 0, 0.981517, 0.191374, 0, 0, 0, 0, 0, 0
0, 0, 8.96031, 8.549, 0, 0, 0.989839, 0.142194, 0, 0, 0, 0, 0, 0
0, 0, 8.85825, 8.57348, 0, 0, 0.995698, 0.0926589, 0, 0, 0, 0, 0, 0
0, 0, 8.75426, 8.58768, 0, 0, 0.99908, 0.0428937, 0, 0, 0, 0, 0, 0
0, 0, 8.64937, 8.59145, -0, 0, 0.999976, -0.00697826, 0, 0, 0, 0, 0, 0
0, 0, 8.54457, 8.58539, -0, 0, 0.999173, -0.0406729, 0, 0, 0, 0, 0, 0
0, 0, 8.43992, 8.57686, -0, 0, 0.999173, -0.0406729, 0, 0, 0, 0, 0, 0
0, 0, 8.33526, 8.56835, -0, 0, 0.99925, -0.0387309, 0, 0, 0, 0, 0, 0
0, 0, 8.23037, 8.56467, 0, 0, 0.999989, 0.00468211, 0, 0, 0, 0, 0, 0
0, 0, 8.12538, 8.56624, 0, 0, 0.99997, 0.00772353, 0, 0, 0, 0, 0, 0
0, 0, 8.02539, 8.56779, 0, 0, 0.99997, 0.00772353, 0, 0, 0, 0, 0, 0
0, 0, 7.9204, 8.56941, 0, 0, 0.99997, 0.00772353, 0, 0, 0, 0, 0, 0
0, 0, 7.81542, 8.57103, 0, 0, 0.99997, 0.00772353, 0, 0, 0, 0, 0, 0
0, 0, 7.71043, 8.57265, 0, 0, 0.99997, 0.00772353, 0, 0, 0, 0, 0, 0
0, 0, 7.60544, 8.57428, 0, 0, 0.99997, 0.00772353, 0, 0, 0, 0, 0, 0
0, 0, 7.50045, 8.5759, 0, 0, 0.99997, 0.00772353, 0, 0, 0, 0, 0, 0
0, 0, 7.39547, 8.57752, 0, 0, 0.99997, 0.00772353, 0, 0, 0, 0, 0, 0
0, 0, 7.29048, 8.57914, 0, 0, 0.99997, 0.00772353, 0, 0, 0, 0, 0, 0
0, 0, 7.18549, 8.58076, 0, 0, 0.99997, 0.00772353, 0, 0, 0, 0, 0, 0
0, 0, 7.0805, 8.58239, 0, 0, 0.99997, 0.00772353, 0, 0, 0, 0, 0, 0
0, 0, 6.97552, 8.58401, 0, 0, 0.99997, 0.00772353, 0, 0, 0, 0, 0, 0
0, 0, 6.87053, 8.58563, 0, 0, 0.99997, 0.00772353, 0, 0, 0, 0, 0, 0
0, 0, 6.76554, 8.58725, 0, 0, 0.99997, 0.00772353, 0, 0, 0, 0, 0, 0
0, 0, 6.66055, 8.58887, 0, 0, 0.99997, 0.00772353, 0, 0, 0, 0, 0, 0
0, 0, 6.55557, 8.5905, 0, 0, 0.99997, 0.00772353, 0, 0, 0, 0, 0, 0
0, 0, 6.45058, 8.59212, 0, 0, 0.99997, 0.00772353, 0, 0, 0, 0, 0, 0
0, 0, 6.34559, 8.59374, 0, 0, 0.99997, 0.00772353, 0, 0, 0, 0, 0, 0
0, 0, 6.2406, 8.59536, 0, 0, 0.99997, 0.00772353, 0, 0, 0, 0, 0, 0
0, 0, 6.13562, 8.59698, 0, 0, 0.99997, 0.00772353, 0, 0, 0, 0, 0, 0
0, 0, 6.03063, 8.59861, 0, 0, 0.99997, 0.00772353, 0, 0, 0, 0, 0, 0
0, 0, 5.92564, 8.60023, 0, 0, 0.99997, 0.00772353, 0, 0, 0, 0, 0, 0
0, 0, 5.82065, 8.60185, 0, 0, 0.99997, 0.00772353, 0, 0, 0, 0, 0, 0
0, 0, 5.71567, 8.60347, 0, 0, 0.99997, 0.00772353, 0, 0, 0, 0, 0, 0
0, 0, 5.61068, 8.60509, 0, 0, 0.99997, 0.00772353, 0, 0, 0, 0, 0, 0
0, 0, 5.50569, 8.60671, 0, 0, 0.99997, 0.00772353, 0, 0, 0, 0, 0, 0
0, 0, 5.40071, 8.60834, 0, 0, 0.99997, 0.00772353, 0, 0, 0, 0, 0, 0
0, 0, 5.29572, 8.60996, 0, 0, 0.99997, 0.00772353, 0, 0, 0, 0, 0, 0
0, 0, 5.19073, 8.61158, 0, 0, 0.99997, 0.00772353, 0, 0, 0, 0, 0, 0
0, 0, 5.08574, 8.6132, 0, 0, 0.99997, 0.00772353, 0, 0, 0, 0, 0, 0
0, 0, 4.98076, 8.61482, 0, 0, 0.99997, 0.00772353, 0, 0, 0, 0, 0, 0
0, 0, 4.87577, 8.61645, 0, 0, 0.99997, 0.00772353, 0, 0, 0, 0, 0, 0
0, 0, 4.77078, 8.61807, 0, 0, 0.99997, 0.00772353, 0, 0, 0, 0, 0, 0
0, 0, 4.66579, 8.61969, 0, 0, 0.99997, 0.00772353, 0, 0, 0, 0, 0, 0
0, 0, 4.56081, 8.62131, 0, 0, 0.99997, 0.00772353, 0, 0, 0, 0, 0, 0
0, 0, 4.45582, 8.62293, 0, 0, 0.99997, 0.00772353, 0, 0, 0, 0, 0, 0
0, 0, 4.35083, 8.62456, 0, 0, 0.99997, 0.00772353, 0, 0, 0, 0, 0, 0
0, 0, 4.24584, 8.62618, 0, 0, 0.99997, 0.00772353, 0, 0, 0, 0, 0, 0
0, 0, 4.14086, 8.6278, 0, 0, 0.99997, 0.00772353, 0, 0, 0, 0, 0, 0
0, 0, 4.03587, 8.62942, 0, 0, 0.99997, 0.00772353, 0, 0, 0, 0, 0, 0
0, 0, 3.93088, 8.63104, 0, 0, 0.99997, 0.00772353, 0, 0, 0, 0, 0, 0
0, 0, 3.83089, 8.63259, 0, 0, 0.99997, 0.00772353, 0, 0, 0, 0, 0, 0
0, 0, 3.7309, 8.63413, 0, 0, 0.99997, 0.00772353, 0, 0, 0, 0, 0, 0
0, 0, 3.63092, 8.63568, 0, 0, 0.99997, 0.00772353, 0, 0, 0, 0, 0, 0
0, 0, 3.53093, 8.63722, 0, 0, 0.99997, 0.00772353, 0, 0, 0, 0, 0, 0
0, 0, 3.43094, 8.63877, 0, 0, 0.99997, 0.00772353, 0, 0, 0, 0, 0, 0
0, 0, 3.33095, 8.64031, 0, 0, 0.99997, 0.00772353, 0, 0, 0, 0, 0, 0
0, 0, 3.23096, 8.64186, 0, 0, 0.99997, 0.00772353, 0, 0, 0, 0, 0, 0
0, 0, 3.13098, 8.6434, 0, 0, 0.99997, 0.00772353, 0, 0, 0, 0, 0, 0
0, 0, 3.03099, 8.64494, 0, 0, 0.99997, 0.00772353, 0, 0, 0, 0, 0, 0
0, 0, 2.931, 8.64649, 0, 0, 0.99997, 0.00772353, 0, 0, 0, 0, 0, 0
0, 0, 2.83101, 8.64803, 0, 0, 0.99997, 0.00772353, 0, 0, 0, 0, 0, 0
0, 0, 2.73102, 8.64958, 0, 0, 0.99997, 0.00772353, 0, 0, 0, 0, 0, 0
0, 0, 2.63104, 8.65112, 0, 0, 0.99997, 0.00772353, 0, 0, 0, 0, 0, 0
0, 0, 2.53105, 8.65267, 0, 0, 0.99997, 0.00772353, 0, 0, 0, 0, 0, 0
0, 0, 2.43106, 8.65421, 0, 0, 0.99997, 0.00772353, 0, 0, 0, 0, 0, 0
0, 0, 2.33107, 8.65576, 0, 0, 0.99997, 0.00772353, 0, 0, 0, 0, 0, 0
0, 0, 2.23108, 8.6573, 0, 0, 0.99997, 0.00772353, 0, 0, 0, 0, 0, 0
0, 0, 2.1311, 8.65885, 0, 0, 0.99997, 0.00772353, 0, 0, 0, 0, 0, 0
0, 0, 2.03111, 8.66039, 0, 0, 0.99997, 0.00772353, 0, 0, 0, 0, 0, 0
0, 0, 1.92612, 8.66201, 0, 0, 0.99997, 0.00772353, 0, 0, 0, 0, 0, 0
0, 0, 1.82113, 8.66364, 0, 0, 0.99997, 0.00772353, 0, 0, 0, 0, 0, 0
0, 0, 1.71614, 8.66526, 0, 0, 0.99997, 0.00772353, 0, 0, 0, 0, 0, 0
0, 0, 1.61116, 8.66688, 0, 0, 0.99997, 0.00772353, 0, 0, 0, 0, 0, 0
0, 0, 1.50617, 8.6685, 0, 0, 0.99997, 0.00772353, 0, 0, 0, 0, 0, 0
0, 0, 1.40118, 8.67012, 0, 0, 0.99997, 0.00772353, 0, 0, 0, 0, 0, 0
0, 0, 1.29619, 8.67174, 0, 0, 0.99997, 0.00772353, 0, 0, 0, 0, 0, 0
0, 0, 1.19121, 8.67337, 0, 0, 0.99997, 0.00772353, 0, 0, 0, 0, 0, 0
0, 0, 1.08622, 8.67499, 0, 0, 0.99997, 0.00772353, 0, 0, 0, 0, 0, 0
0, 0, 0.981232, 8.67661, 0, 0, 0.99997, 0.00772353, 0, 0, 0, 0, 0, 0
0, 0, 0.881244, 8.67816, 0, 0, 0.99997, 0.00772353, 0, 0, 0, 0, 0, 0
0, 0, 0.781256, 8.6797, 0, 0, 0.99997, 0.00772353, 0, 0, 0, 0, 0, 0
0, 0, 0.681268, 8.68124, 0, 0, 0.99997, 0.00772353, 0, 0, 0, 0, 0, 0
0, 0, 0.58128, 8.68279, 0, 0, 0.99997, 0.00772353, 0, 0, 0, 0, 0, 0
0, 0, 0.481292, 8.68433, 0, 0, 0.99997, 0.00772353, 0, 0, 0, 0, 0, 0
0, 0, 0.376305, 8.68596, 0, 0, 0.99997, 0.00772353, 0, 0, 0, 0, 0, 0
0, 0, 0.271317, 8.68758, 0, 0, 0.99997, 0.00772353, 0, 0, 0, 0, 0, 0
0, 0, 0.16633, 8.6892, 0, 0, 0.99997, 0.00772353, 0, 0, 0, 0, 0, 0
0, 0, 0.0613421, 8.69082, 0, 0, 0.99997, 0.00772353, 0, 0, 0, 0, 0, 0
0, 0, -0.0436454, 8.69244, 0, 0, 0.99997, 0.00772353, 0, 0, 0, 0, 0, 0
0, 0, -0.148618, 8.69142, -0, 0, 0.999775, -0.0211938, 0, 0, 0, 0, 0, 0
0, 0, -0.253519, 8.68687, -0, 0, 0.999765, -0.0216785, 0, 0, 0, 0, 0, 0
0, 0, -0.358421, 8.68232, -0, 0, 0.999765, -0.0216785, 0, 0, 0, 0, 0, 0
0, 0, -0.463322, 8.67776, -0, 0, 0.999765, -0.0216785, 0, 0, 0, 0, 0, 0
0, 0, -0.568223, 8.67321, -0, 0, 0.999765, -0.0216785, 0, 0, 0, 0, 0, 0
0, 0, -0.673125, 8.66866, -0, 0, 0.999765, -0.0216785, 0, 0, 0, 0, 0, 0
0, 0, -0.778026, 8.66411, -0, 0, 0.999765, -0.0216785, 0, 0, 0, 0, 0, 0
0, 0, -0.882927, 8.65956, -0, 0, 0.999765, -0.0216785, 0, 0, 0, 0, 0, 0
0, 0, -0.987829, 8.65501, -0, 0, 0.999765, -0.0216785, 0, 0, 0, 0, 0, 0
0, 0, -1.09273, 8.65048, -0, 0, 0.99977, -0.0214363, 0, 0, 0, 0, 0, 0
0, 0, -1.19763, 8.64598, -0, 0, 0.99977, -0.0214363, 0, 0, 0, 0, 0, 0
0, 0, -1.30254, 8.64147, -0, 0, 0.99977, -0.0214363, 0, 0, 0, 0, 0, 0
0, 0, -1.40744, 8.63697, -0, 0, 0.99977, -0.0214363, 0, 0, 0, 0, 0, 0
0, 0, -1.51234, 8.63247, -0, 0, 0.99977, -0.0214363, 0, 0, 0, 0, 0, 0
0, 0, -1.61725, 8.62797, -0, 0, 0.99977, -0.0214363, 0, 0, 0, 0, 0, 0
0, 0, -1.72215, 8.62347, -0, 0, 0.99977, -0.0214363, 0, 0, 0, 0, 0, 0
0, 0, -1.82706, 8.61897, -0, 0, 0.99977, -0.0214363, 0, 0, 0, 0, 0, 0
0, 0, -1.93196, 8.61447, -0, 0, 0.99977, -0.0214363, 0, 0, 0, 0, 0, 0
0, 0, -2.03686, 8.60997, -0, 0, 0.99977, -0.0214363, 0, 0, 0, 0, 0, 0
0, 0, -2.13677, 8.60568, -0, 0, 0.99977, -0.0214363, 0, 0, 0, 0, 0, 0
0, 0, -2.23668, 8.6014, -0, 0, 0.99977, -0.0214363, 0, 0, 0, 0, 0, 0
0, 0, -2.33659, 8.59711, -0, 0, 0.99977, -0.0214363, 0, 0, 0, 0, 0, 0
0, 0, -2.43649, 8.59283, -0, 0, 0.99977, -0.0214363, 0, 0, 0, 0, 0, 0
0, 0, -2.5364, 8.58854, -0, 0, 0.99977, -0.0214363, 0, 0, 0, 0, 0, 0
0, 0, -2.63631, 8.58425, -0, 0, 0.99977, -0.0214363, 0, 0, 0, 0, 0, 0
0, 0, -2.73622, 8.57997, -0, 0, 0.99977, -0.0214363, 0, 0, 0, 0, 0, 0
0, 0, -2.83613, 8.57568, -0, 0, 0.99977, -0.0214363, 0, 0, 0, 0, 0, 0
0, 0, -2.93604, 8.57139, -0, 0, 0.99977, -0.0214363, 0, 0, 0, 0, 0, 0
0, 0, -3.04099, 8.56937, 0, 0, 0.999925, 0.0122676, 0, 0, 0, 0, 0, 0
0, 0, -3.1459, 8.57374, 0, 0, 0.999753, 0.022217, 0, 0, 0, 0, 0, 0
0, 0, -3.2458, 8.57818, 0, 0, 0.999753, 0.022217, 0, 0, 0, 0, 0, 0
0, 0, -3.3457, 8.58262, 0, 0, 0.999753, 0.022217, 0, 0, 0, 0, 0, 0
0, 0, -3.4456, 8.58707, 0, 0, 0.999753, 0.022217, 0, 0, 0, 0, 0, 0
0, 0, -3.5455, 8.59151, 0, 0, 0.999753, 0.022217, 0, 0, 0, 0, 0, 0
0, 0, -3.6504, 8.59617, 0, 0, 0.999764, 0.0217322, 0, 0, 0, 0, 0, 0
0, 0, -3.75537, 8.59763, -0, 0, 0.999997, -0.00243405, 0, 0, 0, 0, 0, 0
0, 0, -3.85537, 8.59715, -0, 0, 0.999997, -0.00243405, 0, 0, 0, 0, 0, 0
0, 0, -3.95537, 8.59666, -0, 0, 0.999997, -0.00243405, 0, 0, 0, 0, 0, 0
0, 0, -4.06037, 8.59615, -0, 0, 0.999997, -0.00243405, 0, 0, 0, 0, 0, 0
0, 0, -4.16537, 8.59564, -0, 0, 0.999997, -0.00243405, 0, 0, 0, 0, 0, 0
0, 0, -4.27037, 8.59513, -0, 0, 0.999997, -0.00243405, 0, 0, 0, 0, 0, 0
0, 0, -4.37537, 8.59462, -0, 0, 0.999997, -0.00243405, 0, 0, 0, 0, 0, 0
0, 0, -4.48037, 8.59411, -0, 0, 0.999997, -0.00243405, 0, 0, 0, 0, 0, 0
0, 0, -4.58536, 8.59359, -0, 0, 0.999997, -0.00243405, 0, 0, 0, 0, 0, 0
0, 0, -4.69036, 8.59308, -0, 0, 0.999997, -0.00243405, 0, 0, 0, 0, 0, 0
0, 0, -4.79536, 8.59257, -0, 0, 0.999997, -0.00243405, 0, 0, 0, 0, 0, 0
0, 0, -4.90036, 8.59206, -0, 0, 0.999997, -0.00243405, 0, 0, 0, 0, 0, 0
0, 0, -5.00536, 8.59155, -0, 0, 0.999997, -0.00243405, 0, 0, 0, 0, 0, 0
0, 0, -5.11036, 8.59104, -0, 0, 0.999997, -0.00243405, 0, 0, 0, 0, 0, 0
0, 0, -5.21536, 8.59053, -0, 0, 0.999997, -0.00243405, 0, 0, 0, 0, 0, 0
0, 0, -5.32036, 8.59002, -0, 0, 0.999997, -0.00243405, 0, 0, 0, 0, 0, 0
0, 0, -5.42535, 8.5895, -0, 0, 0.999997, -0.00243405, 0, 0, 0, 0, 0, 0
0, 0, -5.53035, 8.58899, -0, 0, 0.999997, -0.00243405, 0, 0, 0, 0, 0, 0
0, 0, -5.63535, 8.58848, -0, 0, 0.999997, -0.00243405, 0, 0, 0, 0, 0, 0
0, 0, -5.74035, 8.58797, -0, 0, 0.999997, -0.00243405, 0, 0, 0, 0, 0, 0
0, 0, -5.84535, 8.58746, -0, 0, 0.999997, -0.00243405, 0, 0, 0, 0, 0, 0
0, 0, -5.95035, 8.58695, -0, 0, 0.999997, -0.00243405, 0, 0, 0, 0, 0, 0
0, 0, -6.05535, 8.58644, -0, 0, 0.999997, -0.00243405, 0, 0, 0, 0, 0, 0
0, 0, -6.16035, 8.58593, -0, 0, 0.999997, -0.00243405, 0, 0, 0, 0, 0, 0
0, 0, -6.26534, 8.58542, -0, 0, 0.999997, -0.00243405, 0, 0, 0, 0, 0, 0
0, 0, -6.37034, 8.5849, -0, 0, 0.999997, -0.00243405, 0, 0, 0, 0, 0, 0
0, 0, -6.47534, 8.58439, -0, 0, 0.999997, -0.00243405, 0, 0, 0, 0, 0, 0
0, 0, -6.58034, 8.58388, -0, 0, 0.999997, -0.00243405, 0, 0, 0, 0, 0, 0
0, 0, -6.68534, 8.58337, -0, 0, 0.999997, -0.00243405, 0, 0, 0, 0, 0, 0
0, 0, -6.79034, 8.58286, -0, 0, 0.999997, -0.00243405, 0, 0, 0, 0, 0, 0
0, 0, -6.89534, 8.58235, -0, 0, 0.999997, -0.00243405, 0, 0, 0, 0, 0, 0
0, 0, -7.00034, 8.58184, -0, 0, 0.999997, -0.00243405, 0, 0, 0, 0, 0, 0
0, 0, -7.10533, 8.58133, -0, 0, 0.999997, -0.00243405, 0, 0, 0, 0, 0, 0
0, 0, -7.21033, 8.58082, -0, 0, 0.999997, -0.00243405, 0, 0, 0, 0, 0, 0
0, 0, -7.31533, 8.5803, -0, 0, 0.999997, -0.00243405, 0, 0, 0, 0, 0, 0
0, 0, -7.42033, 8.57979, -0, 0, 0.999997, -0.00243405, 0, 0, 0, 0, 0, 0
0, 0, -7.52533, 8.57928, -0, 0, 0.999997, -0.00243405, 0, 0, 0, 0, 0, 0
0, 0, -7.63033, 8.57877, -0, 0, 0.999997, -0.00243405, 0, 0, 0, 0, 0, 0
0, 0, -7.73533, 8.57826, -0, 0, 0.999997, -0.00243405, 0, 0, 0, 0, 0, 0
0, 0, -7.84033, 8.57775, -0, 0, 0.999997, -0.00243405, 0, 0, 0, 0, 0, 0
0, 0, -7.94532, 8.57724, -0, 0, 0.999997, -0.00243405, 0, 0, 0, 0, 0, 0
0, 0, -8.04532, 8.57675, -0, 0, 0.999997, -0.00243405, 0, 0, 0, 0, 0, 0
0, 0, -8.14532, 8.57626, -0, 0, 0.999997, -0.00243405, 0, 0, 0, 0, 0, 0
0, 0, -8.24532, 8.57578, -0, 0, 0.999997, -0.00243405, 0, 0, 0, 0, 0, 0
0, 0, -8.34532, 8.57529, -0, 0, 0.999997, -0.00243405, 0, 0, 0, 0, 0, 0
0, 0, -8.44532, 8.5748, -0, 0, 0.999997, -0.00243405, 0, 0, 0, 0, 0, 0
0, 0, -8.54532, 8.57432, -0, 0, 0.999997, -0.00243405, 0, 0, 0, 0, 0, 0
0, 0, -8.64532, 8.57383, -0, 0, 0.999997, -0.00243405, 0, 0, 0, 0, 0, 0
0, 0, -8.74531, 8.57334, -0, 0, 0.999997, -0.00243405, 0, 0, 0, 0, 0, 0
0, 0, -8.84531, 8.57286, -0, 0, 0.999997, -0.00243405, 0, 0, 0, 0, 0, 0
0, 0, -8.94531, 8.57237, -0, 0, 0.999997, -0.00243405, 0, 0, 0, 0, 0, 0
0, 0, -9.04531, 8.57188, -0, 0, 0.999997, -0.00243405, 0, 0, 0, 0, 0, 0
0, 0, -9.14531, 8.5714, -0, 0, 0.999997, -0.00243405, 0, 0, 0, 0, 0, 0
0, 0, -9.24531, 8.57091, -0, 0, 0.999997, -0.00243405, 0, 0, 0, 0, 0, 0
0, 0, -9.34531, 8.57042, -0, 0, 0.999997, -0.00243405, 0, 0, 0, 0, 0, 0
0, 0, -9.44531, 8.56993, -0, 0, 0.999997, -0.00243405, 0, 0, 0, 0, 0, 0
0, 0, -9.54531, 8.56945, -0, 0, 0.999997, -0.00243405, 0, 0, 0, 0, 0, 0
0, 0, -9.6453, 8.56896, -0, 0, 0.999997, -0.00243405, 0, 0, 0, 0, 0, 0
0, 0, -9.7453, 8.56847, -0, 0, 0.999997, -0.00243405, 0, 0, 0, 0, 0, 0
0, 0, -9.8453, 8.56799, -0, 0, 0.999997, -0.00243405, 0, 0, 0, 0, 0, 0
0, 0, -9.9453, 8.5675, -0, 0, 0.999997, -0.00243405, 0, 0, 0, 0, 0, 0
0, 0, -10.0453, 8.56701, -0, 0, 0.999997, -0.00243405, 0, 0, 0, 0, 0, 0
0, 0, -10.1453, 8.56653, -0, 0, 0.999997, -0.00243405, 0, 0, 0, 0, 0, 0
0, 0, -10.2453, 8.56604, -0, 0, 0.999997, -0.00243405, 0, 0, 0, 0, 0, 0
0, 0, -10.3453, 8.56555, -0, 0, 0.999997, -0.00243405, 0, 0, 0, 0, 0, 0
0, 0, -10.4453, 8.56507, -0, 0, 0.999997, -0.00243405, 0, 0, 0, 0, 0, 0
0, 0, -10.5453, 8.56458, -0, 0, 0.999997, -0.00243405, 0, 0, 0, 0, 0, 0
0, 0, -10.6453, 8.56409, -0, 0, 0.999997, -0.00243405, 0, 0, 0, 0, 0, 0
0, 0, -10.7453, 8.56361, -0, 0, 0.999997, -0.00243405, 0, 0, 0, 0, 0, 0
0, 0, -10.8453, 8.56312, -0, 0, 0.999997, -0.00243405, 0, 0, 0, 0, 0, 0
0, 0, -10.9453, 8.56263, -0, 0, 0.999997, -0.00243405, 0, 0, 0, 0, 0, 0
0, 0, -11.0453, 8.56215, -0, 0, 0.999997, -0.00243405, 0, 0, 0, 0, 0, 0
0, 0, -11.1453, 8.56166, -0, 0, 0.999997, -0.00243405, 0, 0, 0, 0, 0, 0
0, 0, -11.2453, 8.56117, -0, 0, 0.999997, -0.00243405, 0, 0, 0, 0, 0, 0
0, 0, -11.3453, 8.56069, -0, 0, 0.999997, -0.00243405, 0, 0, 0, 0, 0, 0
0, 0, -11.4453, 8.5602, -0, 0, 0.999997, -0.00243405, 0, 0, 0, 0, 0, 0
0, 0, -11.5453, 8.55971, -0, 0, 0.999997, -0.00243405, 0, 0, 0, 0, 0, 0
0, 0, -11.6453, 8.55923, -0, 0, 0.999997, -0.00243405, 0, 0, 0, 0, 0, 0
0, 0, -11.7453, 8.55874, -0, 0, 0.999997, -0.00243405, 0, 0, 0, 0, 0, 0
0, 0, -11.8453, 8.55825, -0, 0, 0.999997, -0.00243405, 0, 0, 0, 0, 0, 0
0, 0, -11.9453, 8.55776, -0, 0, 0.999997, -0.00243405, 0, 0, 0, 0, 0, 0
0, 0, -12.0453, 8.55728, -0, 0, 0.999997, -0.00243405, 0, 0, 0, 0, 0, 0
0, 0, -12.1453, 8.55679, -0, 0, 0.999997, -0.00243405, 0, 0, 0, 0, 0, 0
0, 0, -12.2453, 8.5563, -0, 0, 0.999997, -0.00243405, 0, 0, 0, 0, 0, 0
0, 0, -12.3453, 8.55582, -0, 0, 0.999997, -0.00243405, 0, 0, 0, 0, 0, 0
0, 0, -12.4503, 8.5553, -0, 0, 0.999994, -0.00352598, 0, 0, 0, 0, 0, 0
0, 0, -12.5551, 8.55034, -0, 0, 0.998847, -0.0479988, 0, 0, 0, 0, 0, 0
0, 0, -12.659, 8.53508, -0, 0, 0.995211, -0.0977461, 0, 0, 0, 0, 0, 0
0, 0, -12.7608, 8.50955, -0, 0, 0.989099, -0.14725, 0, 0, 0, 0, 0, 0
0, 0, -12.8595, 8.47401, -0, 0, 0.980526, -0.196388, 0, 0, 0, 0, 0, 0
0, 0, -12.9542, 8.42881, -0, 0, 0.969514, -0.245037, 0, 0, 0, 0, 0, 0
0, 0, -13.044, 8.37439, -0, 0, 0.956089, -0.293076, 0, 0, 0, 0, 0, 0
0, 0, -13.1279, 8.31131, -0, 0, 0.940286, -0.340387, 0, 0, 0, 0, 0, 0
0, 0, -13.2051, 8.24019, -0, 0, 0.922143, -0.38685, 0, 0, 0, 0, 0, 0
0, 0, -13.2748, 8.16174, -0, 0, 0.901705, -0.432351, 0, 0, 0, 0, 0, 0
0, 0, -13.3363, 8.07672, -0, 0, 0.879025, -0.476776, 0, 0, 0, 0, 0, 0
0, 0, -13.3891, 7.98601, -0, 0, 0.854157, -0.520015, 0, 0, 0, 0, 0, 0
0, 0, -13.4326, 7.89048, -0, 0, 0.827164, -0.56196, 0, 0, 0, 0, 0, 0
0, 0, -13.4664, 7.7911, -0, 0, 0.798113, -0.602507, 0, 0, 0, 0, 0, 0
0, 0, -13.49, 7.68885, -0, 0, 0.767077, -0.641555, 0, 0, 0, 0, 0, 0
0, 0, -13.5034, 7.58475, -0, 0, 0.734132, -0.679007, 0, 0, 0, 0, 0, 0
0, 0, -13.5094, 7.47992, -0, 0, 0.725706, -0.688005, 0, 0, 0, 0, 0, 0
0, 0, -13.515, 7.37507, -0, 0, 0.725706, -0.688005, 0, 0, 0, 0, 0, 0
0, 0, -13.5206, 7.27022, -0, 0, 0.725706, -0.688005, 0, 0, 0, 0, 0, 0
0, 0, -13.5262, 7.16537, -0, 0, 0.725706, -0.688005, 0, 0, 0, 0, 0, 0
0, 0, -13.5318, 7.06052, -0, 0, 0.725706, -0.688005, 0, 0, 0, 0, 0, 0
0, 0, -13.5374, 6.95567, -0, 0, 0.725706, -0.688005, 0, 0, 0, 0, 0, 0
0, 0, -13.543, 6.85082, -0, 0, 0.725706, -0.688005, 0, 0, 0, 0, 0, 0
0, 0, -13.5486, 6.74597, -0, 0, 0.725706, -0.688005, 0, 0, 0, 0, 0, 0
0, 0, -13.5542, 6.64112, -0, 0, 0.725706, -0.688005, 0, 0, 0, 0, 0, 0
0, 0, -13.5598, 6.53627, -0, 0, 0.725706, -0.688005, 0, 0, 0, 0, 0, 0
0, 0, -13.5654, 6.43142, -0, 0, 0.725706, -0.688005, 0, 0, 0, 0, 0, 0
0, 0, -13.571, 6.32657, -0, 0, 0.725706, -0.688005, 0, 0, 0, 0, 0, 0
0, 0, -13.5766, 6.22172, -0, 0, 0.724955, -0.688797, 0, 0, 0, 0, 0, 0
0, 0, -13.5784, 6.11675, -0, 0, 0.705166, -0.709043, 0, 0, 0, 0, 0, 0
0, 0, -13.5778, 6.01675, -0, 0, 0.705166, -0.709043, 0, 0, 0, 0, 0, 0
0, 0, -13.5773, 5.91675, -0, 0, 0.705166, -0.709043, 0, 0, 0, 0, 0, 0
0, 0, -13.5776, 5.81176, -0, 0, 0.718824, -0.695192, 0, 0, 0, 0, 0, 0
0, 0, -13.5857, 5.7071, -0, 0, 0.741843, -0.670573, 0, 0, 0, 0, 0, 0
0, 0, -13.5962, 5.60263, -0, 0, 0.741843, -0.670573, 0, 0, 0, 0, 0, 0
0, 0, -13.6059, 5.49809, -0, 0, 0.728659, -0.684876, 0, 0, 0, 0, 0, 0
0, 0, -13.6099, 5.39317, -0, 0, 0.718512, -0.695515, 0, 0, 0, 0, 0, 0
0, 0, -13.6131, 5.29322, -0, 0, 0.718512, -0.695515, 0, 0, 0, 0, 0, 0
0, 0, -13.6164, 5.19327, -0, 0, 0.718512, -0.695515, 0, 0, 0, 0, 0, 0
0, 0, -13.6196, 5.09332, -0, 0, 0.718512, -0.695515, 0, 0, 0, 0, 0, 0
0, 0, -13.6229, 4.99338, -0, 0, 0.718512, -0.695515, 0, 0, 0, 0, 0, 0
0, 0, -13.6261, 4.89343, -0, 0, 0.718512, -0.695515, 0, 0, 0, 0, 0, 0
0, 0, -13.6294, 4.79348, -0, 0, 0.718512, -0.695515, 0, 0, 0, 0, 0, 0
0, 0, -13.6326, 4.69354, -0, 0, 0.718512, -0.695515, 0, 0, 0, 0, 0, 0
0, 0, -13.6359, 4.59359, -0, 0, 0.718512, -0.695515, 0, 0, 0, 0, 0, 0
0, 0, -13.6392, 4.49364, -0, 0, 0.718512, -0.695515, 0, 0, 0, 0, 0, 0
0, 0, -13.6424, 4.39369, -0, 0, 0.718512, -0.695515, 0, 0, 0, 0, 0, 0
0, 0, -13.6457, 4.29375, -0, 0, 0.718512, -0.695515, 0, 0, 0, 0, 0, 0
0, 0, -13.6489, 4.1938, -0, 0, 0.718512, -0.695515, 0, 0, 0, 0, 0, 0
0, 0, -13.6522, 4.09385, -0, 0, 0.718512, -0.695515, 0, 0, 0, 0, 0, 0
0, 0, -13.6554, 3.99391, -0, 0, 0.718512, -0.695515, 0, 0, 0, 0, 0, 0
0, 0, -13.6587, 3.89396, -0, 0, 0.718512, -0.695515, 0, 0, 0, 0, 0, 0
0, 0, -13.6619, 3.79401, -0, 0, 0.718512, -0.695515, 0, 0, 0, 0, 0, 0
0, 0, -13.6652, 3.69406, -0, 0, 0.718512, -0.695515, 0, 0, 0, 0, 0, 0
0, 0, -13.6684, 3.59412, -0, 0, 0.718512, -0.695515, 0, 0, 0, 0, 0, 0
0, 0, -13.6717, 3.49417, -0, 0, 0.718512, -0.695515, 0, 0, 0, 0, 0, 0
0, 0, -13.6749, 3.39422, -0, 0, 0.718512, -0.695515, 0, 0, 0, 0, 0, 0
0, 0, -13.6782, 3.29428, -0, 0, 0.718512, -0.695515, 0, 0, 0, 0, 0, 0
0, 0, -13.6814, 3.19433, -0, 0, 0.718512, -0.695515, 0, 0, 0, 0, 0, 0
0, 0, -13.6847, 3.09438, -0, 0, 0.718512, -0.695515, 0, 0, 0, 0, 0, 0
0, 0, -13.6879, 2.99444, -0, 0, 0.718512, -0.695515, 0, 0, 0, 0, 0, 0
0, 0, -13.6912, 2.89449, -0, 0, 0.718512, -0.695515, 0, 0, 0, 0, 0, 0
0, 0, -13.6944, 2.79454, -0, 0, 0.718512, -0.695515, 0, 0, 0, 0, 0, 0
0, 0, -13.6977, 2.69459, -0, 0, 0.718512, -0.695515, 0, 0, 0, 0, 0, 0
0, 0, -13.7009, 2.59465, -0, 0, 0.718512, -0.695515, 0, 0, 0, 0, 0, 0
0, 0, -13.7042, 2.4947, -0, 0, 0.718512, -0.695515, 0, 0, 0, 0, 0, 0
0, 0, -13.7074, 2.39475, -0, 0, 0.718512, -0.695515, 0, 0, 0, 0, 0, 0
0, 0, -13.7107, 2.29481, -0, 0, 0.718512, -0.695515, 0, 0, 0, 0, 0, 0
0, 0, -13.7139, 2.19486, -0, 0, 0.718512, -0.695515, 0, 0, 0, 0, 0, 0
0, 0, -13.7172, 2.09491, -0, 0, 0.718512, -0.695515, 0, 0, 0, 0, 0, 0
0, 0, -13.7204, 1.99496, -0, 0, 0.718512, -0.695515, 0, 0, 0, 0, 0, 0
0, 0, -13.7237, 1.89502, -0, 0, 0.718512, -0.695515, 0, 0, 0, 0, 0, 0
0, 0, -13.727, 1.79507, -0, 0, 0.718512, -0.695515, 0, 0, 0, 0, 0, 0
0, 0, -13.7302, 1.69512, -0, 0, 0.718512, -0.695515, 0, 0, 0, 0, 0, 0
0, 0, -13.7335, 1.59518, -0, 0, 0.718512, -0.695515, 0, 0, 0, 0, 0, 0
0, 0, -13.7367, 1.49523, -0, 0, 0.718512, -0.695515, 0, 0, 0, 0, 0, 0
0, 0, -13.74, 1.39528, -0, 0, 0.718512, -0.695515, 0, 0, 0, 0, 0, 0
0, 0, -13.7432, 1.29533, -0, 0, 0.718512, -0.695515, 0, 0, 0, 0, 0, 0
0, 0, -13.7465, 1.19539, -0, 0, 0.718512, -0.695515, 0, 0, 0, 0, 0, 0
0, 0, -13.7497, 1.09544, -0, 0, 0.718512, -0.695515, 0, 0, 0, 0, 0, 0
0, 0, -13.7522, 0.990477, -0, 0, 0.704847, -0.709359, 0, 0, 0, 0, 0, 0
0, 0, -13.7463, 0.885687, -0, 0, 0.668598, -0.743624, 0, 0, 0, 0, 0, 0
0, 0, -13.73, 0.782006, -0, 0, 0.630686, -0.776038, 0, 0, 0, 0, 0, 0
0, 0, -13.7035, 0.680465, -0, 0, 0.591205, -0.806521, 0, 0, 0, 0, 0, 0
0, 0, -13.6669, 0.582074, -0, 0, 0.550253, -0.834998, 0, 0, 0, 0, 0, 0
0, 0, -13.6208, 0.487811, -0, 0, 0.507932, -0.861397, 0, 0, 0, 0, 0, 0
0, 0, -13.5655, 0.398615, -0, 0, 0.464347, -0.885654, 0, 0, 0, 0, 0, 0
0, 0, -13.5015, 0.315373, -0, 0, 0.419606, -0.907706, 0, 0, 0, 0, 0, 0
0, 0, -13.4296, 0.238911, -0, 0, 0.373822, -0.9275, 0, 0, 0, 0, 0, 0
0, 0, -13.3505, 0.169992, -0, 0, 0.327108, -0.944987, 0, 0, 0, 0, 0, 0
0, 0, -13.2649, 0.1093, -0, 0, 0.279579, -0.960123, 0, 0, 0, 0, 0, 0
0, 0, -13.1736, 0.0574378, -0, 0, 0.231356, -0.972869, 0, 0, 0, 0, 0, 0
0, 0, -13.0776, 0.0149232, -0, 0, 0.182556, -0.983195, 0, 0, 0, 0, 0, 0
0, 0, -12.9779, -0.0178223, -0, 0, 0.133303, -0.991075, 0, 0, 0, 0, 0, 0
0, 0, -12.8754, -0.0404722, -0, 0, 0.0837173, -0.99649, 0, 0, 0, 0, 0, 0
0, 0, -12.7712, -0.0528029, -0, 0, 0.0341872, -0.999415, 0, 0, 0, 0, 0, 0
0, 0, -12.6664, -0.0585426, -0, 0, 0.0263517, -0.999653, 0, 0, 0, 0, 0, 0
0, 0, -12.5665, -0.0638112, -0, 0, 0.0263517, -0.999653, 0, 0, 0, 0, 0, 0
0, 0, -12.4616, -0.0690466, -0, 0, 0.0164031, -0.999865, 0, 0, 0, 0, 0, 0
0, 0, -12.3567, -0.0672545, 0, 0, 0.0334751, 0.99944, 0, 0, 0, 0, 0, 0
0, 0, -12.2523, -0.0562388, 0, 0, 0.0600246, 0.998197, 0, 0, 0, 0, 0, 0
0, 0, -12.148, -0.0439512, 0, 0, 0.0500888, 0.998745, 0, 0, 0, 0, 0, 0
0, 0, -12.0432, -0.0386703, 0, 0, 0.000224565, 1, 0, 0, 0, 0, 0, 0
0, 0, -11.9383, -0.0425777, -0, 0, 0.0233112, -0.999728, 0, 0, 0, 0, 0, 0
0, 0, -11.8333, -0.0458875, -0, 0, 0.0143821, -0.999897, 0, 0, 0, 0, 0, 0
0, 0, -11.7284, -0.0489074, -0, 0, 0.0143821, -0.999897, 0, 0, 0, 0, 0, 0
0, 0, -11.6234, -0.0519273, -0, 0, 0.0143821, -0.999897, 0, 0, 0, 0, 0, 0
0, 0, -11.5185, -0.0549472, -0, 0, 0.0143821, -0.999897, 0, 0, 0, 0, 0, 0
0, 0, -11.4135, -0.0579672, -0, 0, 0.0143821, -0.999897, 0, 0, 0, 0, 0, 0
0, 0, -11.3086, -0.0609871, -0, 0, 0.0143821, -0.999897, 0, 0, 0, 0, 0, 0
0, 0, -11.2036, -0.064007, -0, 0, 0.0143821, -0.999897, 0, 0, 0, 0, 0, 0
0, 0, -11.0986, -0.0670269, -0, 0, 0.0143821, -0.999897, 0, 0, 0, 0, 0, 0
0, 0, -10.9937, -0.0700468, -0, 0, 0.0143821, -0.999897, 0, 0, 0, 0, 0, 0
0, 0, -10.8887, -0.0730668, -0, 0, 0.0143821, -0.999897, 0, 0, 0, 0, 0, 0
0, 0, -10.7838, -0.0760867, -0, 0, 0.0143821, -0.999897, 0, 0, 0, 0, 0, 0
0, 0, -10.6788, -0.0791066, -0, 0, 0.0143821, -0.999897, 0, 0, 0, 0, 0, 0
0, 0, -10.5739, -0.0821265, -0, 0, 0.0143821, -0.999897, 0, 0, 0, 0, 0, 0
0, 0, -10.4689, -0.0851464, -0, 0, 0.0143821, -0.999897, 0, 0, 0, 0, 0, 0
0, 0, -10.3639, -0.0881664, -0, 0, 0.0143821, -0.999897, 0, 0, 0, 0, 0, 0
0, 0, -10.259, -0.0911863, -0, 0, 0.0143821, -0.999897, 0, 0, 0, 0, 0, 0
0, 0, -10.154, -0.0942062, -0, 0, 0.0143821, -0.999897, 0, 0, 0, 0, 0, 0
0, 0, -10.0491, -0.0972261, -0, 0, 0.0143821, -0.999897, 0, 0, 0, 0, 0, 0
0, 0, -9.94412, -0.100246, -0, 0, 0.0143821, -0.999897, 0, 0, 0, 0, 0, 0
0, 0, -9.83916, -0.103266, -0, 0, 0.0143821, -0.999897, 0, 0, 0, 0, 0, 0
0, 0, -9.7342, -0.106286, -0, 0, 0.0143821, -0.999897, 0, 0, 0, 0, 0, 0
0, 0, -9.62925, -0.109306, -0, 0, 0.0143821, -0.999897, 0, 0, 0, 0, 0, 0
0, 0, -9.52429, -0.112326, -0, 0, 0.0143821, -0.999897, 0, 0, 0, 0, 0, 0
0, 0, -9.41933, -0.115346, -0, 0, 0.0143821, -0.999897, 0, 0, 0, 0, 0, 0
0, 0, -9.31438, -0.118366, -0, 0, 0.0143821, -0.999897, 0, 0, 0, 0, 0, 0
0, 0, -9.20942, -0.121385, -0, 0, 0.0143821, -0.999897, 0, 0, 0, 0, 0, 0
0, 0, -9.10446, -0.124405, -0, 0, 0.0143821, -0.999897, 0, 0, 0, 0, 0, 0
0, 0, -8.99951, -0.127425, -0, 0, 0.0143821, -0.999897, 0, 0, 0, 0, 0, 0
0, 0, -8.89455, -0.130445, -0, 0, 0.0143821, -0.999897, 0, 0, 0, 0, 0, 0
0, 0, -8.78959, -0.133465, -0, 0, 0.0143821, -0.999897, 0, 0, 0, 0, 0, 0
0, 0, -8.68464, -0.136485, -0, 0, 0.0143821, -0.999897, 0, 0, 0, 0, 0, 0
0, 0, -8.57968, -0.139505, -0, 0, 0.0143821, -0.999897, 0, 0, 0, 0, 0, 0
0, 0, -8.47472, -0.142525, -0, 0, 0.0143821, -0.999897, 0, 0, 0, 0, 0, 0
0, 0, -8.36977, -0.145545, -0, 0, 0.0143821, -0.999897, 0, 0, 0, 0, 0, 0
0, 0, -8.26481, -0.148565, -0, 0, 0.0143821, -0.999897, 0, 0, 0, 0, 0, 0
0, 0, -8.15985, -0.151585, -0, 0, 0.0143821, -0.999897, 0, 0, 0, 0, 0, 0
0, 0, -8.0549, -0.154605, -0, 0, 0.0143821, -0.999897, 0, 0, 0, 0, 0, 0
0, 0, -7.94994, -0.157625, -0, 0, 0.0143821, -0.999897, 0, 0, 0, 0, 0, 0
0, 0, -7.84498, -0.160644, -0, 0, 0.0143821, -0.999897, 0, 0, 0, 0, 0, 0
0, 0, -7.74003, -0.163664, -0, 0, 0.0143821, -0.999897, 0, 0, 0, 0, 0, 0
0, 0, -7.63507, -0.166684, -0, 0, 0.0143821, -0.999897, 0, 0, 0, 0, 0, 0
0, 0, -7.53011, -0.169704, -0, 0, 0.0143821, -0.999897, 0, 0, 0, 0, 0, 0
0, 0, -7.42516, -0.172724, -0, 0, 0.0143821, -0.999897, 0, 0, 0, 0, 0, 0
0, 0, -7.3202, -0.175744, -0, 0, 0.0143821, -0.999897, 0, 0, 0, 0, 0, 0
0, 0, -7.21524, -0.178764, -0, 0, 0.0143821, -0.999897, 0, 0, 0, 0, 0, 0
0, 0, -7.11029, -0.181784, -0, 0, 0.0143821, -0.999897, 0, 0, 0, 0, 0, 0
0, 0, -7.00533, -0.184804, -0, 0, 0.0143821, -0.999897, 0, 0, 0, 0, 0, 0
0, 0, -6.90037, -0.187824, -0, 0, 0.0143821, -0.999897, 0, 0, 0, 0, 0, 0
0, 0, -6.79542, -0.190844, -0, 0, 0.0143821, -0.999897, 0, 0, 0, 0, 0, 0
0, 0, -6.69046, -0.193864, -0, 0, 0.0143821, -0.999897, 0, 0, 0, 0, 0, 0
0, 0, -6.58551, -0.196884, -0, 0, 0.0143821, -0.999897, 0, 0, 0, 0, 0, 0
0, 0, -6.48055, -0.199903, -0, 0, 0.0143821, -0.999897, 0, 0, 0, 0, 0, 0
0, 0, -6.37559, -0.202923, -0, 0, 0.0143821, -0.999897, 0, 0, 0, 0, 0, 0
0, 0, -6.27064, -0.205943, -0, 0, 0.0143821, -0.999897, 0, 0, 0, 0, 0, 0
0, 0, -6.16568, -0.208963, -0, 0, 0.0143821, -0.999897, 0, 0, 0, 0, 0, 0
0, 0, -6.06072, -0.211983, -0, 0, 0.0143821, -0.999897, 0, 0, 0, 0, 0, 0
0, 0, -5.95577, -0.215003, -0, 0, 0.0143821, -0.999897, 0, 0, 0, 0, 0, 0
0, 0, -5.85081, -0.218023, -0, 0, 0.0143821, -0.999897, 0, 0, 0, 0, 0, 0
0, 0, -5.74585, -0.221043, -0, 0, 0.0143821, -0.999897, 0, 0, 0, 0, 0, 0
0, 0, -5.6409, -0.224063, -0, 0, 0.0143821, -0.999897, 0, 0, 0, 0, 0, 0
0, 0, -5.53594, -0.227083, -0, 0, 0.0143821, -0.999897, 0, 0, 0, 0, 0, 0
0, 0, -5.43098, -0.230103, -0, 0, 0.0143821, -0.999897, 0, 0, 0, 0, 0, 0
0, 0, -5.32603, -0.233123, -0, 0, 0.0143821, -0.999897, 0, 0, 0, 0, 0, 0
0, 0, -5.22107, -0.236142, -0, 0, 0.0143821, -0.999897, 0, 0, 0, 0, 0, 0
0, 0, -5.11611, -0.239162, -0, 0, 0.0143821, -0.999897, 0, 0, 0, 0, 0, 0
0, 0, -5.01116, -0.242182, -0, 0, 0.0143821, -0.999897, 0, 0, 0, 0, 0, 0
0, 0, -4.9062, -0.245202, -0, 0, 0.0143821, -0.999897, 0, 0, 0, 0, 0, 0
0, 0, -4.80124, -0.248222, -0, 0, 0.0143821, -0.999897, 0, 0, 0, 0, 0, 0
0, 0, -4.69629, -0.251242, -0, 0, 0.0143821, -0.999897, 0, 0, 0, 0, 0, 0
0, 0, -4.59133, -0.254262, -0, 0, 0.0143821, -0.999897, 0, 0, 0, 0, 0, 0
0, 0, -4.48637, -0.257282, -0, 0, 0.0143821, -0.999897, 0, 0, 0, 0, 0, 0
0, 0, -4.38142, -0.260302, -0, 0, 0.0143821, -0.999897, 0, 0, 0, 0, 0, 0
0, 0, -4.27646, -0.263322, -0, 0, 0.0143821, -0.999897, 0, 0, 0, 0, 0, 0
0, 0, -4.1715, -0.266342, -0, 0, 0.0143821, -0.999897, 0, 0, 0, 0, 0, 0
0, 0, -4.06655, -0.269362, -0, 0, 0.0143821, -0.999897, 0, 0, 0, 0, 0, 0
0, 0, -3.96159, -0.272242, -0, 0, 0.00839635, -0.999965, 0, 0, 0, 0, 0, 0
0, 0, -3.85665, -0.269567, 0, 0, 0.0245208, 0.999699, 0, 0, 0, 0, 0, 0
0, 0, -3.75677, -0.264664, 0, 0, 0.0245208, 0.999699, 0, 0, 0, 0, 0, 0
0, 0, -3.65182, -0.262343, -0, 0, 0.0115578, -0.999933, 0, 0, 0, 0, 0, 0
0, 0, -3.54692, -0.26695, -0, 0, 0.0238822, -0.999715, 0, 0, 0, 0, 0, 0
0, 0, -3.44204, -0.271963, -0, 0, 0.0238822, -0.999715, 0, 0, 0, 0, 0, 0
0, 0, -3.33716, -0.276977, -0, 0, 0.0238822, -0.999715, 0, 0, 0, 0, 0, 0
0, 0, -3.23228, -0.281991, -0, 0, 0.0238822, -0.999715, 0, 0, 0, 0, 0, 0
0, 0, -3.1274, -0.287005, -0, 0, 0.0238822, -0.999715, 0, 0, 0, 0, 0, 0
0, 0, -3.02252, -0.292019, -0, 0, 0.0238822, -0.999715, 0, 0, 0, 0, 0, 0
0, 0, -2.91764, -0.297033, -0, 0, 0.0238822, -0.999715, 0, 0, 0, 0, 0, 0
0, 0, -2.81276, -0.302046, -0, 0, 0.0238822, -0.999715, 0, 0, 0, 0, 0, 0
0, 0, -2.70788, -0.30706, -0, 0, 0.0238822, -0.999715, 0, 0, 0, 0, 0, 0
0, 0, -2.603, -0.312074, -0, 0, 0.0238822, -0.999715, 0, 0, 0, 0, 0, 0
0, 0, -2.49812, -0.317062, -0, 0, 0.0219392, -0.999759, 0, 0, 0, 0, 0, 0
0, 0, -2.39315, -0.317663, 0, 0, 0.0102701, 0.999947, 0, 0, 0, 0, 0, 0
0, 0, -2.28817, -0.315507, 0, 0, 0.0102701, 0.999947, 0, 0, 0, 0, 0, 0
0, 0, -2.18319, -0.31335, 0, 0, 0.0102701, 0.999947, 0, 0, 0, 0, 0, 0
0, 0, -2.07821, -0.311194, 0, 0, 0.0102701, 0.999947, 0, 0, 0, 0, 0, 0
0, 0, -1.97324, -0.309037, 0, 0, 0.0102701, 0.999947, 0, 0, 0, 0, 0, 0
0, 0, -1.86826, -0.30688, 0, 0, 0.0102701, 0.999947, 0, 0, 0, 0, 0, 0
0, 0, -1.76328, -0.304724, 0, 0, 0.0102701, 0.999947, 0, 0, 0, 0, 0, 0
0, 0, -1.6583, -0.302567, 0, 0, 0.0102701, 0.999947, 0, 0, 0, 0, 0, 0
0, 0, -1.55332, -0.300954, -0, 0, 0.00443159, -0.99999, 0, 0, 0, 0, 0, 0
0, 0, -1.44849, -0.306479, -0, 0, 0.0381281, -0.999273, 0, 0, 0, 0, 0, 0
0, 0, -1.34878, -0.314099, -0, 0, 0.0381281, -0.999273, 0, 0, 0, 0, 0, 0
0, 0, -1.24398, -0.320251, -0, 0, 0.00918244, -0.999958, 0, 0, 0, 0, 0, 0
0, 0, -1.13898, -0.319635, 0, 0, 0.00551933, 0.999985, 0, 0, 0, 0, 0, 0
0, 0, -1.03899, -0.318531, 0, 0, 0.00551933, 0.999985, 0, 0, 0, 0, 0, 0
0, 0, -0.938996, -0.317427, 0, 0, 0.00551933, 0.999985, 0, 0, 0, 0, 0, 0
0, 0, -0.839002, -0.316323, 0, 0, 0.00551933, 0.999985, 0, 0, 0, 0, 0, 0
0, 0, -0.739008, -0.315219, 0, 0, 0.00551933, 0.999985, 0, 0, 0, 0, 0, 0
0, 0, -0.639014, -0.314116, 0, 0, 0.00551933, 0.999985, 0, 0, 0, 0, 0, 0
0, 0, -0.53902, -0.313012, 0, 0, 0.00551933, 0.999985, 0, 0, 0, 0, 0, 0
0, 0, -0.439026, -0.311908, 0, 0, 0.00551933, 0.999985, 0, 0, 0, 0, 0, 0
