t_sec, t_nanosec, x, y, orientation_x, orientation_y, orientation_z, orientation_w, longitudinal_velocity_mps, lateral_velocity_mps, acceleration_mps2, heading_rate_rps, front_wheel_angle_rad, rear_wheel_angle_rad
0, 0, 0.741, 3.158, 0.011, 0.011, -0.707, 0.707, 0, 0, 0, 0, 0, 0
0, 0, 0.741, 3.03, 0.011, 0.011, -0.707, 0.707, 0, 0, 0, 0, 0, 0
0, 0, 0.741, 2.91, 0.011, 0.011, -0.707, 0.707, 0, 0, 0, 0, 0, 0
0, 0, 0.741, 2.785, 0.011, 0.011, -0.707, 0.707, 0, 0, 0, 0, 0, 0
0, 0, 0.741, 2.659, 0.011, 0.011, -0.707, 0.707, 0, 0, 0, 0, 0, 0
0, 0, 0.741, 2.517, 0.011, 0.011, -0.707, 0.707, 0, 0, 0, 0, 0, 0
0, 0, 0.741, 2.391, 0.011, 0.011, -0.707, 0.707, 0, 0, 0, 0, 0, 0
0, 0, 0.741, 2.261, 0.011, 0.011, -0.707, 0.707, 0, 0, 0, 0, 0, 0
0, 0, 0.741, 2.127, 0.011, 0.011, -0.707, 0.707, 0, 0, 0, 0, 0, 0
0, 0, 0.741, 2.002, 0.011, 0.011, -0.707, 0.707, 0, 0, 0, 0, 0, 0
0, 0, 0.741, 1.864, 0.011, 0.011, -0.707, 0.707, 0, 0, 0, 0, 0, 0
0, 0, 0.741, 1.734, 0.011, 0.011, -0.707, 0.707, 0, 0, 0, 0, 0, 0
0, 0, 0.741, 1.612, 0.011, 0.011, -0.707, 0.707, 0, 0, 0, 0, 0, 0
0, 0, 0.741, 1.499, 0.011, 0.011, -0.707, 0.707, 0, 0, 0, 0, 0, 0
0, 0, 0.741, 1.365, 0.011, 0.011, -0.707, 0.707, 0, 0, 0, 0, 0, 0
0, 0, 0.741, 1.248, 0.011, 0.011, -0.707, 0.707, 0, 0, 0, 0, 0, 0
0, 0, 0.741, 1.131, 0.011, 0.011, -0.707, 0.707, 0, 0, 0, 0, 0, 0
0, 0, 0.741, 1.014, 0.011, 0.011, -0.707, 0.707, 0, 0, 0, 0, 0, 0
0, 0, 0.741, 0.901, 0.011, 0.011, -0.707, 0.707, 0, 0, 0, 0, 0, 0
0, 0, 0.741, 0.783, 0.011, 0.011, -0.707, 0.707, 0, 0, 0, 0, 0, 0
0, 0, 0.741, 0.666, 0.011, 0.011, -0.707, 0.707, 0, 0, 0, 0, 0, 0
0, 0, 0.741, 0.549, 0.011, 0.011, -0.707, 0.707, 0, 0, 0, 0, 0, 0
0, 0, 0.741, 0.427, 0.011, 0.011, -0.707, 0.707, 0, 0, 0, 0, 0, 0
0, 0, 0.741, 0.306, 0.011, 0.011, -0.707, 0.707, 0, 0, 0, 0, 0, 0
0, 0, 0.741, 0.18, 0.011, 0.011, -0.707, 0.707, 0, 0, 0, 0, 0, 0
0, 0, 0.741, 0.055, 0.011, 0.011, -0.707, 0.707, 0, 0, 0, 0, 0, 0
0, 0, 0.741, -0.062, 0.011, 0.011, -0.707, 0.707, 0, 0, 0, 0, 0, 0
0, 0, 0.741, -0.18, 0.011, 0.011, -0.707, 0.707, 0, 0, 0, 0, 0, 0
0, 0, 0.741, -0.297, 0.011, 0.011, -0.707, 0.707, 0, 0, 0, 0, 0, 0
0, 0, 0.741, -0.427, 0.011, 0.011, -0.707, 0.707, 0, 0, 0, 0, 0, 0
0, 0, 0.741, -0.552, 0.011, 0.011, -0.707, 0.707, 0, 0, 0, 0, 0, 0
0, 0, 0.741, -0.669, 0.011, 0.011, -0.707, 0.707, 0, 0, 0, 0, 0, 0
0, 0, 0.741, -0.795, 0.011, 0.011, -0.707, 0.707, 0, 0, 0, 0, 0, 0
0, 0, 0.741, -0.912, 0.011, 0.011, -0.707, 0.707, 0, 0, 0, 0, 0, 0
0, 0, 0.741, -1.05, 0.011, 0.011, -0.707, 0.707, 0, 0, 0, 0, 0, 0
0, 0, 0.741, -1.168, 0.011, 0.011, -0.707, 0.707, 0, 0, 0, 0, 0, 0
0, 0, 0.741, -1.285, 0.011, 0.011, -0.707, 0.707, 0, 0, 0, 0, 0, 0
0, 0, 0.741, -1.406, 0.011, 0.011, -0.707, 0.707, 0, 0, 0, 0, 0, 0
0, 0, 0.741, -1.536, 0.011, 0.011, -0.707, 0.707, 0, 0, 0, 0, 0, 0
0, 0, 0.741, -1.661, 0.011, 0.011, -0.707, 0.707, 0, 0, 0, 0, 0, 0
0, 0, 0.741, -1.783, 0.011, 0.011, -0.707, 0.707, 0, 0, 0, 0, 0, 0
0, 0, 0.741, -1.909, 0.011, 0.011, -0.707, 0.707, 0, 0, 0, 0, 0, 0
0, 0, 0.741, -2.03, 0.011, 0.011, -0.707, 0.707, 0, 0, 0, 0, 0, 0
0, 0, 0.741, -2.151, 0.011, 0.011, -0.707, 0.707, 0, 0, 0, 0, 0, 0
0, 0, 0.741, -2.281, 0.011, 0.011, -0.707, 0.707, 0, 0, 0, 0, 0, 0
0, 0, 0.741, -2.411, 0.011, 0.011, -0.707, 0.707, 0, 0, 0, 0, 0, 0
0, 0, 0.741, -2.537, 0.011, 0.011, -0.707, 0.707, 0, 0, 0, 0, 0, 0
0, 0, 0.741, -2.666, 0.011, 0.011, -0.707, 0.707, 0, 0, 0, 0, 0, 0
0, 0, 0.741, -2.788, 0.011, 0.011, -0.707, 0.707, 0, 0, 0, 0, 0, 0
0, 0, 0.741, -2.909, 0.011, 0.011, -0.707, 0.707, 0, 0, 0, 0, 0, 0
0, 0, 0.741, -3.035, 0.011, 0.011, -0.707, 0.707, 0, 0, 0, 0, 0, 0
0, 0, 0.741, -3.16, 0.011, 0.011, -0.707, 0.707, 0, 0, 0, 0, 0, 0
0, 0, 0.741, -3.282, 0.011, 0.011, -0.707, 0.707, 0, 0, 0, 0, 0, 0
0, 0, 0.741, -3.403, 0.011, 0.011, -0.707, 0.707, 0, 0, 0, 0, 0, 0
0, 0, 0.741, -3.53, 0.011, 0.011, -0.714, 0.7, 0, 0, 0, 0, 0, 0
0, 0, 0.735, -3.662, 0.011, 0.011, -0.728, 0.686, 0, 0, 0, 0, 0, 0
0, 0, 0.727, -3.8, 0.011, 0.011, -0.728, 0.686, 0, 0, 0, 0, 0, 0
0, 0, 0.719, -3.934, 0.011, 0.011, -0.728, 0.686, 0, 0, 0, 0, 0, 0
0, 0, 0.708, -4.066, 0.011, 0.011, -0.742, 0.671, 0, 0, 0, 0, 0, 0
0, 0, 0.692, -4.199, 0.012, 0.01, -0.755, 0.655, 0, 0, 0, 0, 0, 0
0, 0, 0.672, -4.318, 0.012, 0.01, -0.767, 0.641, 0, 0, 0, 0, 0, 0
0, 0, 0.646, -4.45, 0.012, 0.01, -0.774, 0.633, 0, 0, 0, 0, 0, 0
0, 0, 0.622, -4.573, 0.012, 0.01, -0.774, 0.633, 0, 0, 0, 0, 0, 0
0, 0, 0.595, -4.704, 0.012, 0.01, -0.774, 0.633, 0, 0, 0, 0, 0, 0
0, 0, 0.57, -4.827, 0.012, 0.01, -0.774, 0.633, 0, 0, 0, 0, 0, 0
0, 0, 0.545, -4.954, 0.012, 0.01, -0.774, 0.633, 0, 0, 0, 0, 0, 0
0, 0, 0.518, -5.085, 0.012, 0.01, -0.774, 0.633, 0, 0, 0, 0, 0, 0
0, 0, 0.492, -5.216, 0.012, 0.01, -0.774, 0.633, 0, 0, 0, 0, 0, 0
0, 0, 0.465, -5.348, 0.012, 0.01, -0.774, 0.633, 0, 0, 0, 0, 0, 0
0, 0, 0.435, -5.482, 0.012, 0.01, -0.787, 0.617, 0, 0, 0, 0, 0, 0
0, 0, 0.399, -5.615, 0.012, 0.009, -0.8, 0.6, 0, 0, 0, 0, 0, 0
0, 0, 0.36, -5.738, 0.013, 0.009, -0.812, 0.584, 0, 0, 0, 0, 0, 0
0, 0, 0.319, -5.852, 0.013, 0.009, -0.823, 0.568, 0, 0, 0, 0, 0, 0
0, 0, 0.276, -5.96, 0.013, 0.009, -0.833, 0.553, 0, 0, 0, 0, 0, 0
0, 0, 0.227, -6.071, 0.013, 0.008, -0.843, 0.538, 0, 0, 0, 0, 0, 0
0, 0, 0.173, -6.18, 0.013, 0.008, -0.853, 0.522, 0, 0, 0, 0, 0, 0
0, 0, 0.122, -6.275, 0.013, 0.008, -0.862, 0.507, 0, 0, 0, 0, 0, 0
0, 0, 0.068, -6.369, 0.013, 0.008, -0.87, 0.493, 0, 0, 0, 0, 0, 0
0, 0, 0.008, -6.464, 0.014, 0.008, -0.878, 0.478, 0, 0, 0, 0, 0, 0
0, 0, -0.057, -6.561, 0.014, 0.007, -0.887, 0.462, 0, 0, 0, 0, 0, 0
0, 0, -0.129, -6.659, 0.014, 0.007, -0.895, 0.445, 0, 0, 0, 0, 0, 0
0, 0, -0.204, -6.753, 0.014, 0.007, -0.908, 0.419, 0, 0, 0, 0, 0, 0
0, 0, -0.285, -6.841, 0.014, 0.006, -0.923, 0.385, 0, 0, 0, 0, 0, 0
0, 0, -0.373, -6.922, 0.014, 0.006, -0.936, 0.35, 0, 0, 0, 0, 0, 0
0, 0, -0.473, -7.002, 0.015, 0.005, -0.95, 0.313, 0, 0, 0, 0, 0, 0
0, 0, -0.572, -7.069, 0.015, 0.005, -0.961, 0.277, 0, 0, 0, 0, 0, 0
0, 0, -0.664, -7.122, 0.015, 0.004, -0.97, 0.244, 0, 0, 0, 0, 0, 0
0, 0, -0.768, -7.173, 0.015, 0.003, -0.978, 0.209, 0, 0, 0, 0, 0, 0
0, 0, -0.876, -7.216, 0.015, 0.003, -0.985, 0.174, 0, 0, 0, 0, 0, 0
0, 0, -0.99, -7.252, 0.015, 0.002, -0.991, 0.137, 0, 0, 0, 0, 0, 0
0, 0, -1.094, -7.277, 0.015, 0.002, -0.995, 0.103, 0, 0, 0, 0, 0, 0
0, 0, -1.208, -7.297, 0.015, 0.001, -0.998, 0.067, 0, 0, 0, 0, 0, 0
0, 0, -1.314, -7.307, 0.016, 0.001, -0.999, 0.034, 0, 0, 0, 0, 0, 0
0, 0, -1.426, -7.31, 0.016, 0, -1, -0.001, 0, 0, 0, 0, 0, 0
0, 0, -1.531, -7.304, 0.016, 0, -0.999, -0.052, 0, 0, 0, 0, 0, 0
0, 0, -1.635, -7.287, 0.016, -0.001, -0.995, -0.102, 0, 0, 0, 0, 0, 0
0, 0, -1.74, -7.259, 0.015, -0.002, -0.988, -0.154, 0, 0, 0, 0, 0, 0
0, 0, -1.844, -7.22, 0.015, -0.003, -0.98, -0.196, 0, 0, 0, 0, 0, 0
0, 0, -1.948, -7.171, 0.015, -0.003, -0.973, -0.232, 0, 0, 0, 0, 0, 0
0, 0, -2.042, -7.12, 0.015, -0.004, -0.964, -0.264, 0, 0, 0, 0, 0, 0
0, 0, -2.129, -7.064, 0.015, -0.004, -0.955, -0.295, 0, 0, 0, 0, 0, 0
0, 0, -2.218, -6.997, 0.015, -0.005, -0.944, -0.328, 0, 0, 0, 0, 0, 0
0, 0, -2.306, -6.922, 0.015, -0.005, -0.932, -0.362, 0, 0, 0, 0, 0, 0
0, 0, -2.385, -6.844, 0.014, -0.006, -0.919, -0.394, 0, 0, 0, 0, 0, 0
0, 0, -2.459, -6.76, 0.014, -0.006, -0.904, -0.426, 0, 0, 0, 0, 0, 0
0, 0, -2.529, -6.668, 0.014, -0.007, -0.893, -0.45, 0, 0, 0, 0, 0, 0
0, 0, -2.592, -6.58, 0.014, -0.007, -0.885, -0.465, 0, 0, 0, 0, 0, 0
0, 0, -2.654, -6.486, 0.014, -0.007, -0.877, -0.48, 0, 0, 0, 0, 0, 0
0, 0, -2.714, -6.386, 0.014, -0.008, -0.864, -0.504, 0, 0, 0, 0, 0, 0
0, 0, -2.769, -6.28, 0.013, -0.008, -0.844, -0.536, 0, 0, 0, 0, 0, 0
0, 0, -2.815, -6.17, 0.013, -0.009, -0.823, -0.567, 0, 0, 0, 0, 0, 0
0, 0, -2.851, -6.064, 0.013, -0.009, -0.803, -0.596, 0, 0, 0, 0, 0, 0
0, 0, -2.878, -5.96, 0.012, -0.009, -0.783, -0.622, 0, 0, 0, 0, 0, 0
0, 0, -2.9, -5.843, 0.012, -0.01, -0.759, -0.651, 0, 0, 0, 0, 0, 0
0, 0, -2.913, -5.732, 0.012, -0.01, -0.736, -0.677, 0, 0, 0, 0, 0, 0
0, 0, -2.918, -5.617, 0.011, -0.011, -0.711, -0.703, 0, 0, 0, 0, 0, 0
0, 0, -2.915, -5.505, 0.011, -0.011, -0.686, -0.728, 0, 0, 0, 0, 0, 0
0, 0, -2.904, -5.395, 0.01, -0.012, -0.66, -0.751, 0, 0, 0, 0, 0, 0
0, 0, -2.886, -5.289, 0.01, -0.012, -0.634, -0.773, 0, 0, 0, 0, 0, 0
0, 0, -2.861, -5.185, 0.01, -0.012, -0.608, -0.794, 0, 0, 0, 0, 0, 0
0, 0, -2.824, -5.067, 0.009, -0.013, -0.577, -0.817, 0, 0, 0, 0, 0, 0
0, 0, -2.784, -4.966, 0.009, -0.013, -0.556, -0.831, 0, 0, 0, 0, 0, 0
0, 0, -2.734, -4.851, 0.009, -0.013, -0.54, -0.842, 0, 0, 0, 0, 0, 0
0, 0, -2.682, -4.749, 0.008, -0.013, -0.509, -0.86, 0, 0, 0, 0, 0, 0
0, 0, -2.623, -4.649, 0.008, -0.014, -0.486, -0.874, 0, 0, 0, 0, 0, 0
0, 0, -2.557, -4.547, 0.007, -0.014, -0.47, -0.883, 0, 0, 0, 0, 0, 0
0, 0, -2.485, -4.445, 0.007, -0.014, -0.453, -0.892, 0, 0, 0, 0, 0, 0
0, 0, -2.404, -4.339, 0.007, -0.014, -0.434, -0.901, 0, 0, 0, 0, 0, 0
0, 0, -2.327, -4.245, 0.007, -0.014, -0.426, -0.905, 0, 0, 0, 0, 0, 0
0, 0, -2.252, -4.155, 0.007, -0.014, -0.426, -0.905, 0, 0, 0, 0, 0, 0
0, 0, -2.175, -4.061, 0.007, -0.014, -0.426, -0.905, 0, 0, 0, 0, 0, 0
0, 0, -2.105, -3.977, 0.007, -0.014, -0.426, -0.905, 0, 0, 0, 0, 0, 0
0, 0, -2.035, -3.889, 0.007, -0.014, -0.442, -0.897, 0, 0, 0, 0, 0, 0
0, 0, -1.966, -3.795, 0.007, -0.014, -0.458, -0.889, 0, 0, 0, 0, 0, 0
0, 0, -1.9, -3.699, 0.007, -0.014, -0.474, -0.881, 0, 0, 0, 0, 0, 0
0, 0, -1.837, -3.6, 0.008, -0.013, -0.489, -0.872, 0, 0, 0, 0, 0, 0
0, 0, -1.776, -3.5, 0.008, -0.014, -0.489, -0.872, 0, 0, 0, 0, 0, 0
0, 0, -1.717, -3.404, 0.008, -0.014, -0.489, -0.872, 0, 0, 0, 0, 0, 0
0, 0, -1.661, -3.311, 0.008, -0.014, -0.489, -0.872, 0, 0, 0, 0, 0, 0
0, 0, -1.6, -3.211, 0.008, -0.014, -0.489, -0.872, 0, 0, 0, 0, 0, 0
0, 0, -1.53, -3.096, 0.008, -0.014, -0.489, -0.872, 0, 0, 0, 0, 0, 0
0, 0, -1.463, -2.981, 0.008, -0.013, -0.507, -0.862, 0, 0, 0, 0, 0, 0
0, 0, -1.41, -2.881, 0.008, -0.013, -0.522, -0.853, 0, 0, 0, 0, 0, 0
0, 0, -1.355, -2.769, 0.008, -0.013, -0.538, -0.843, 0, 0, 0, 0, 0, 0
0, 0, -1.307, -2.662, 0.009, -0.013, -0.545, -0.838, 0, 0, 0, 0, 0, 0
0, 0, -1.258, -2.551, 0.008, -0.013, -0.546, -0.838, 0, 0, 0, 0, 0, 0
0, 0, -1.215, -2.447, 0.009, -0.013, -0.56, -0.828, 0, 0, 0, 0, 0, 0
0, 0, -1.175, -2.342, 0.009, -0.013, -0.574, -0.819, 0, 0, 0, 0, 0, 0
0, 0, -1.135, -2.231, 0.009, -0.013, -0.574, -0.819, 0, 0, 0, 0, 0, 0
0, 0, -1.098, -2.125, 0.009, -0.013, -0.588, -0.809, 0, 0, 0, 0, 0, 0
0, 0, -1.064, -2.01, 0.009, -0.012, -0.611, -0.792, 0, 0, 0, 0, 0, 0
0, 0, -1.038, -1.889, 0.01, -0.012, -0.641, -0.767, 0, 0, 0, 0, 0, 0
0, 0, -1.021, -1.766, 0.01, -0.012, -0.67, -0.742, 0, 0, 0, 0, 0, 0
0, 0, -1.014, -1.643, 0.011, -0.011, -0.698, -0.715, 0, 0, 0, 0, 0, 0
0, 0, -1.016, -1.523, 0.011, -0.011, -0.725, -0.689, 0, 0, 0, 0, 0, 0
0, 0, -1.027, -1.405, 0.012, -0.01, -0.756, -0.654, 0, 0, 0, 0, 0, 0
0, 0, -1.048, -1.301, 0.012, -0.01, -0.783, -0.622, 0, 0, 0, 0, 0, 0
0, 0, -1.077, -1.193, 0.012, -0.009, -0.804, -0.594, 0, 0, 0, 0, 0, 0
0, 0, -1.117, -1.081, 0.013, -0.009, -0.825, -0.564, 0, 0, 0, 0, 0, 0
0, 0, -1.164, -0.964, 0.013, -0.009, -0.831, -0.557, 0, 0, 0, 0, 0, 0
0, 0, -1.21, -0.852, 0.013, -0.009, -0.825, -0.565, 0, 0, 0, 0, 0, 0
0, 0, -1.253, -0.735, 0.013, -0.009, -0.82, -0.572, 0, 0, 0, 0, 0, 0
0, 0, -1.302, -0.601, 0.013, -0.009, -0.82, -0.572, 0, 0, 0, 0, 0, 0
0, 0, -1.343, -0.491, 0.013, -0.009, -0.82, -0.572, 0, 0, 0, 0, 0, 0
0, 0, -1.384, -0.381, 0.013, -0.009, -0.825, -0.565, 0, 0, 0, 0, 0, 0
0, 0, -1.428, -0.272, 0.013, -0.009, -0.83, -0.558, 0, 0, 0, 0, 0, 0
0, 0, -1.477, -0.153, 0.013, -0.009, -0.83, -0.558, 0, 0, 0, 0, 0, 0
0, 0, -1.52, -0.044, 0.013, -0.009, -0.825, -0.565, 0, 0, 0, 0, 0, 0
0, 0, -1.562, 0.066, 0.013, -0.009, -0.825, -0.565, 0, 0, 0, 0, 0, 0
0, 0, -1.607, 0.183, 0.013, -0.009, -0.825, -0.565, 0, 0, 0, 0, 0, 0
0, 0, -1.656, 0.308, 0.013, -0.009, -0.825, -0.565, 0, 0, 0, 0, 0, 0
0, 0, -1.703, 0.428, 0.013, -0.009, -0.825, -0.565, 0, 0, 0, 0, 0, 0
0, 0, -1.748, 0.546, 0.013, -0.009, -0.825, -0.565, 0, 0, 0, 0, 0, 0
0, 0, -1.794, 0.663, 0.013, -0.009, -0.825, -0.565, 0, 0, 0, 0, 0, 0
0, 0, -1.842, 0.788, 0.013, -0.009, -0.825, -0.565, 0, 0, 0, 0, 0, 0
0, 0, -1.886, 0.901, 0.013, -0.009, -0.825, -0.565, 0, 0, 0, 0, 0, 0
0, 0, -1.927, 1.006, 0.013, -0.009, -0.825, -0.565, 0, 0, 0, 0, 0, 0
0, 0, -1.97, 1.116, 0.013, -0.009, -0.825, -0.565, 0, 0, 0, 0, 0, 0
0, 0, -2.015, 1.233, 0.013, -0.009, -0.825, -0.565, 0, 0, 0, 0, 0, 0
0, 0, -2.063, 1.358, 0.013, -0.009, -0.825, -0.565, 0, 0, 0, 0, 0, 0
0, 0, -2.101, 1.455, 0.013, -0.009, -0.825, -0.565, 0, 0, 0, 0, 0, 0
0, 0, -2.156, 1.596, 0.013, -0.009, -0.825, -0.565, 0, 0, 0, 0, 0, 0
0, 0, -2.21, 1.736, 0.013, -0.009, -0.825, -0.565, 0, 0, 0, 0, 0, 0
0, 0, -2.259, 1.861, 0.013, -0.009, -0.825, -0.565, 0, 0, 0, 0, 0, 0
0, 0, -2.303, 1.983, 0.013, -0.009, -0.814, -0.581, 0, 0, 0, 0, 0, 0
0, 0, -2.348, 2.126, 0.012, -0.009, -0.8, -0.6, 0, 0, 0, 0, 0, 0
0, 0, -2.384, 2.259, 0.012, -0.009, -0.787, -0.617, 0, 0, 0, 0, 0, 0
0, 0, -2.416, 2.41, 0.012, -0.01, -0.772, -0.635, 0, 0, 0, 0, 0, 0
0, 0, -2.445, 2.554, 0.012, -0.01, -0.772, -0.635, 0, 0, 0, 0, 0, 0
0, 0, -2.468, 2.673, 0.012, -0.01, -0.772, -0.635, 0, 0, 0, 0, 0, 0
0, 0, -2.49, 2.796, 0.012, -0.01, -0.76, -0.65, 0, 0, 0, 0, 0, 0
0, 0, -2.507, 2.92, 0.012, -0.01, -0.748, -0.664, 0, 0, 0, 0, 0, 0
0, 0, -2.521, 3.037, 0.012, -0.01, -0.748, -0.664, 0, 0, 0, 0, 0, 0
0, 0, -2.535, 3.157, 0.012, -0.01, -0.748, -0.664, 0, 0, 0, 0, 0, 0
0, 0, -2.547, 3.286, 0.011, -0.01, -0.734, -0.679, 0, 0, 0, 0, 0, 0
0, 0, -2.555, 3.415, 0.011, -0.011, -0.721, -0.693, 0, 0, 0, 0, 0, 0
0, 0, -2.557, 3.536, 0.011, -0.011, -0.707, -0.707, 0, 0, 0, 0, 0, 0
0, 0, -2.554, 3.661, 0.011, -0.011, -0.694, -0.72, 0, 0, 0, 0, 0, 0
0, 0, -2.548, 3.777, 0.011, -0.011, -0.68, -0.733, 0, 0, 0, 0, 0, 0
0, 0, -2.536, 3.898, 0.01, -0.011, -0.667, -0.745, 0, 0, 0, 0, 0, 0
0, 0, -2.518, 4.03, 0.01, -0.012, -0.651, -0.759, 0, 0, 0, 0, 0, 0
0, 0, -2.492, 4.178, 0.01, -0.012, -0.633, -0.774, 0, 0, 0, 0, 0, 0
0, 0, -2.46, 4.316, 0.01, -0.012, -0.616, -0.787, 0, 0, 0, 0, 0, 0
0, 0, -2.43, 4.428, 0.009, -0.012, -0.595, -0.804, 0, 0, 0, 0, 0, 0
0, 0, -2.388, 4.545, 0.009, -0.013, -0.563, -0.826, 0, 0, 0, 0, 0, 0
0, 0, -2.337, 4.668, 0.009, -0.013, -0.546, -0.837, 0, 0, 0, 0, 0, 0
0, 0, -2.28, 4.788, 0.008, -0.013, -0.52, -0.854, 0, 0, 0, 0, 0, 0
0, 0, -2.214, 4.901, 0.008, -0.014, -0.475, -0.88, 0, 0, 0, 0, 0, 0
0, 0, -2.139, 5.001, 0.007, -0.014, -0.422, -0.906, 0, 0, 0, 0, 0, 0
0, 0, -2.055, 5.092, 0.006, -0.014, -0.387, -0.922, 0, 0, 0, 0, 0, 0
0, 0, -1.968, 5.174, 0.006, -0.014, -0.352, -0.936, 0, 0, 0, 0, 0, 0
0, 0, -1.871, 5.252, 0.005, -0.015, -0.315, -0.949, 0, 0, 0, 0, 0, 0
0, 0, -1.773, 5.319, 0.005, -0.015, -0.279, -0.96, 0, 0, 0, 0, 0, 0
0, 0, -1.666, 5.381, 0.004, -0.015, -0.242, -0.97, 0, 0, 0, 0, 0, 0
0, 0, -1.561, 5.431, 0.003, -0.015, -0.207, -0.978, 0, 0, 0, 0, 0, 0
0, 0, -1.442, 5.478, 0.003, -0.015, -0.167, -0.986, 0, 0, 0, 0, 0, 0
0, 0, -1.32, 5.515, 0.002, -0.015, -0.128, -0.992, 0, 0, 0, 0, 0, 0
0, 0, -1.199, 5.541, 0.002, -0.015, -0.089, -0.996, 0, 0, 0, 0, 0, 0
0, 0, -1.076, 5.558, 0.001, -0.016, -0.051, -0.999, 0, 0, 0, 0, 0, 0
0, 0, -0.949, 5.565, 0, -0.016, -0.01, -1, 0, 0, 0, 0, 0, 0
0, 0, -0.825, 5.562, 0, -0.016, 0.028, -0.999, 0, 0, 0, 0, 0, 0
0, 0, -0.697, 5.546, -0.001, -0.016, 0.09, -0.996, 0, 0, 0, 0, 0, 0
0, 0, -0.569, 5.515, -0.002, -0.015, 0.141, -0.99, 0, 0, 0, 0, 0, 0
0, 0, -0.444, 5.473, -0.003, -0.015, 0.172, -0.985, 0, 0, 0, 0, 0, 0
0, 0, -0.327, 5.428, -0.003, -0.015, 0.191, -0.981, 0, 0, 0, 0, 0, 0
0, 0, -0.213, 5.378, -0.003, -0.015, 0.219, -0.976, 0, 0, 0, 0, 0, 0
0, 0, -0.1, 5.319, -0.004, -0.015, 0.258, -0.966, 0, 0, 0, 0, 0, 0
0, 0, 0.012, 5.248, -0.004, -0.015, 0.298, -0.954, 0, 0, 0, 0, 0, 0
0, 0, 0.114, 5.17, -0.005, -0.015, 0.335, -0.942, 0, 0, 0, 0, 0, 0
0, 0, 0.215, 5.084, -0.005, -0.015, 0.355, -0.935, 0, 0, 0, 0, 0, 0
0, 0, 0.316, 4.99, -0.006, -0.014, 0.375, -0.927, 0, 0, 0, 0, 0, 0
0, 0, 0.412, 4.892, -0.006, -0.014, 0.404, -0.914, 0, 0, 0, 0, 0, 0
0, 0, 0.496, 4.791, -0.007, -0.014, 0.442, -0.897, 0, 0, 0, 0, 0, 0
0, 0, 0.578, 4.672, -0.007, -0.014, 0.482, -0.876, 0, 0, 0, 0, 0, 0
0, 0, 0.649, 4.547, -0.008, -0.013, 0.521, -0.853, 0, 0, 0, 0, 0, 0
0, 0, 0.706, 4.423, -0.008, -0.013, 0.557, -0.83, 0, 0, 0, 0, 0, 0
0, 0, 0.752, 4.298, -0.009, -0.013, 0.582, -0.813, 0, 0, 0, 0, 0, 0
0, 0, 0.791, 4.175, -0.009, -0.013, 0.598, -0.801, 0, 0, 0, 0, 0, 0
0, 0, 0.826, 4.046, -0.009, -0.012, 0.615, -0.789, 0, 0, 0, 0, 0, 0
0, 0, 0.862, 3.883, -0.01, -0.012, 0.635, -0.773, 0, 0, 0, 0, 0, 0
0, 0, 0.885, 3.748, -0.01, -0.012, 0.658, -0.753, 0, 0, 0, 0, 0, 0
0, 0, 0.897, 3.604, -0.011, -0.011, 0.691, -0.722, 0, 0, 0, 0, 0, 0
0, 0, 0.9, 3.454, -0.011, -0.011, 0.707, -0.707, 0, 0, 0, 0, 0, 0
0, 0, 0.899, 3.316, -0.011, -0.011, 0.715, -0.699, 0, 0, 0, 0, 0, 0
0, 0, 0.893, 3.187, -0.011, -0.011, 0.728, -0.685, 0, 0, 0, 0, 0, 0
0, 0, 0.882, 3.041, -0.011, -0.01, 0.736, -0.677, 0, 0, 0, 0, 0, 0
0, 0, 0.87, 2.895, -0.011, -0.011, 0.736, -0.677, 0, 0, 0, 0, 0, 0
0, 0, 0.857, 2.749, -0.011, -0.011, 0.736, -0.677, 0, 0, 0, 0, 0, 0
0, 0, 0.845, 2.603, -0.011, -0.011, 0.736, -0.677, 0, 0, 0, 0, 0, 0
