t_sec, t_nanosec, x, y, orientation_x, orientation_y, orientation_z, orientation_w, longitudinal_velocity_mps, lateral_velocity_mps, acceleration_mps2, heading_rate_rps, front_wheel_angle_rad, rear_wheel_angle_rad
0, 0, -6.274, 1, 0, 0.005, 0, 1, 0, 0, 0, 0, 0, 0
0, 0, -6.133, 1, 0, 0.005, 0, 1, 0, 0, 0, 0, 0, 0
0, 0, -5.978, 1, 0, 0.005, 0, 1, 0, 0, 0, 0, 0, 0
0, 0, -5.83, 1, 0, 0.005, 0, 1, 0, 0, 0, 0, 0, 0
0, 0, -5.663, 1, 0, 0.005, 0, 1, 0, 0, 0, 0, 0, 0
0, 0, -5.511, 1, 0, 0.005, 0, 1, 0, 0, 0, 0, 0, 0
0, 0, -5.351, 1, 0, 0.005, 0, 1, 0, 0, 0, 0, 0, 0
0, 0, -5.197, 1.001, 0, 0.005, 0.006, 1, 0, 0, 0, 0, 0, 0
0, 0, -5.039, 1.005, 0, 0.005, 0.02, 1, 0, 0, 0, 0, 0, 0
0, 0, -4.882, 1.014, 0, 0.005, 0.033, 0.999, 0, 0, 0, 0, 0, 0
0, 0, -4.735, 1.025, 0, 0.005, 0.045, 0.999, 0, 0, 0, 0, 0, 0
0, 0, -4.578, 1.042, 0, 0.005, 0.058, 0.998, 0, 0, 0, 0, 0, 0
0, 0, -4.433, 1.061, 0, 0.005, 0.07, 0.998, 0, 0, 0, 0, 0, 0
0, 0, -4.278, 1.085, 0, 0.005, 0.083, 0.997, 0, 0, 0, 0, 0, 0
0, 0, -4.121, 1.114, 0, 0.005, 0.096, 0.995, 0, 0, 0, 0, 0, 0
0, 0, -3.97, 1.146, 0, 0.005, 0.108, 0.994, 0, 0, 0, 0, 0, 0
0, 0, -3.813, 1.183, -0.001, 0.005, 0.122, 0.993, 0, 0, 0, 0, 0, 0
0, 0, -3.663, 1.225, -0.001, 0.005, 0.148, 0.989, 0, 0, 0, 0, 0, 0
0, 0, -3.519, 1.274, -0.001, 0.004, 0.173, 0.985, 0, 0, 0, 0, 0, 0
0, 0, -3.373, 1.332, -0.001, 0.004, 0.199, 0.98, 0, 0, 0, 0, 0, 0
0, 0, -3.232, 1.397, -0.001, 0.004, 0.224, 0.975, 0, 0, 0, 0, 0, 0
0, 0, -3.09, 1.471, -0.001, 0.004, 0.25, 0.968, 0, 0, 0, 0, 0, 0
0, 0, -2.961, 1.548, -0.001, 0.004, 0.274, 0.962, 0, 0, 0, 0, 0, 0
0, 0, -2.83, 1.635, -0.001, 0.004, 0.3, 0.954, 0, 0, 0, 0, 0, 0
0, 0, -2.71, 1.724, -0.001, 0.004, 0.323, 0.946, 0, 0, 0, 0, 0, 0
0, 0, -2.588, 1.825, -0.002, 0.004, 0.348, 0.937, 0, 0, 0, 0, 0, 0
0, 0, -2.473, 1.93, -0.002, 0.004, 0.373, 0.928, 0, 0, 0, 0, 0, 0
0, 0, -2.366, 2.037, -0.002, 0.004, 0.389, 0.921, 0, 0, 0, 0, 0, 0
0, 0, -2.251, 2.161, -0.002, 0.004, 0.409, 0.913, 0, 0, 0, 0, 0, 0
0, 0, -2.148, 2.284, -0.002, 0.004, 0.433, 0.901, 0, 0, 0, 0, 0, 0
0, 0, -2.056, 2.407, -0.002, 0.004, 0.456, 0.89, 0, 0, 0, 0, 0, 0
0, 0, -1.965, 2.542, -0.002, 0.004, 0.48, 0.877, 0, 0, 0, 0, 0, 0
0, 0, -1.881, 2.683, -0.002, 0.004, 0.504, 0.864, 0, 0, 0, 0, 0, 0
0, 0, -1.805, 2.823, -0.002, 0.004, 0.515, 0.857, 0, 0, 0, 0, 0, 0
0, 0, -1.733, 2.966, -0.002, 0.004, 0.533, 0.846, 0, 0, 0, 0, 0, 0
0, 0, -1.668, 3.112, -0.003, 0.004, 0.555, 0.832, 0, 0, 0, 0, 0, 0
0, 0, -1.613, 3.255, -0.003, 0.004, 0.571, 0.821, 0, 0, 0, 0, 0, 0
0, 0, -1.56, 3.404, -0.003, 0.004, 0.581, 0.814, 0, 0, 0, 0, 0, 0
0, 0, -1.512, 3.553, -0.003, 0.004, 0.592, 0.806, 0, 0, 0, 0, 0, 0
0, 0, -1.467, 3.707, -0.003, 0.004, 0.608, 0.794, 0, 0, 0, 0, 0, 0
0, 0, -1.43, 3.858, -0.003, 0.004, 0.623, 0.782, 0, 0, 0, 0, 0, 0
0, 0, -1.397, 4.013, -0.003, 0.004, 0.633, 0.774, 0, 0, 0, 0, 0, 0
0, 0, -1.368, 4.166, -0.003, 0.004, 0.643, 0.766, 0, 0, 0, 0, 0, 0
0, 0, -1.346, 4.317, -0.003, 0.003, 0.657, 0.754, 0, 0, 0, 0, 0, 0
0, 0, -1.326, 4.483, -0.003, 0.003, 0.667, 0.745, 0, 0, 0, 0, 0, 0
0, 0, -1.311, 4.636, -0.003, 0.003, 0.676, 0.737, 0, 0, 0, 0, 0, 0
0, 0, -1.297, 4.795, -0.003, 0.003, 0.676, 0.737, 0, 0, 0, 0, 0, 0
0, 0, -1.285, 4.945, -0.003, 0.003, 0.676, 0.737, 0, 0, 0, 0, 0, 0
0, 0, -1.271, 5.101, -0.003, 0.003, 0.676, 0.737, 0, 0, 0, 0, 0, 0
0, 0, -1.259, 5.259, -0.003, 0.003, 0.681, 0.732, 0, 0, 0, 0, 0, 0
0, 0, -1.249, 5.421, -0.003, 0.003, 0.686, 0.728, 0, 0, 0, 0, 0, 0
0, 0, -1.239, 5.589, -0.003, 0.003, 0.686, 0.728, 0, 0, 0, 0, 0, 0
0, 0, -1.231, 5.744, -0.003, 0.003, 0.69, 0.723, 0, 0, 0, 0, 0, 0
0, 0, -1.223, 5.901, -0.003, 0.003, 0.69, 0.723, 0, 0, 0, 0, 0, 0
0, 0, -1.215, 6.067, -0.003, 0.003, 0.69, 0.723, 0, 0, 0, 0, 0, 0
0, 0, -1.207, 6.241, -0.003, 0.003, 0.69, 0.723, 0, 0, 0, 0, 0, 0
0, 0, -1.2, 6.407, -0.003, 0.003, 0.69, 0.723, 0, 0, 0, 0, 0, 0
0, 0, -1.192, 6.567, -0.003, 0.003, 0.69, 0.723, 0, 0, 0, 0, 0, 0
0, 0, -1.185, 6.729, -0.003, 0.003, 0.69, 0.723, 0, 0, 0, 0, 0, 0
0, 0, -1.176, 6.904, -0.003, 0.003, 0.69, 0.723, 0, 0, 0, 0, 0, 0
0, 0, -1.169, 7.058, -0.003, 0.003, 0.69, 0.723, 0, 0, 0, 0, 0, 0
0, 0, -1.161, 7.223, -0.003, 0.003, 0.69, 0.723, 0, 0, 0, 0, 0, 0
0, 0, -1.154, 7.386, -0.003, 0.003, 0.69, 0.723, 0, 0, 0, 0, 0, 0
0, 0, -1.146, 7.551, -0.003, 0.003, 0.69, 0.723, 0, 0, 0, 0, 0, 0
0, 0, -1.138, 7.72, -0.003, 0.003, 0.69, 0.723, 0, 0, 0, 0, 0, 0
0, 0, -1.131, 7.889, -0.003, 0.003, 0.696, 0.718, 0, 0, 0, 0, 0, 0
0, 0, -1.128, 8.05, -0.003, 0.003, 0.7, 0.714, 0, 0, 0, 0, 0, 0
0, 0, -1.124, 8.216, -0.003, 0.003, 0.7, 0.714, 0, 0, 0, 0, 0, 0
0, 0, -1.121, 8.382, -0.003, 0.003, 0.7, 0.714, 0, 0, 0, 0, 0, 0
0, 0, -1.118, 8.542, -0.003, 0.003, 0.7, 0.714, 0, 0, 0, 0, 0, 0
0, 0, -1.115, 8.701, -0.003, 0.003, 0.7, 0.714, 0, 0, 0, 0, 0, 0
0, 0, -1.112, 8.86, -0.003, 0.003, 0.7, 0.714, 0, 0, 0, 0, 0, 0
0, 0, -1.109, 9.024, -0.003, 0.003, 0.705, 0.709, 0, 0, 0, 0, 0, 0
0, 0, -1.108, 9.202, -0.003, 0.003, 0.705, 0.709, 0, 0, 0, 0, 0, 0
0, 0, -1.107, 9.371, -0.003, 0.003, 0.705, 0.709, 0, 0, 0, 0, 0, 0
0, 0, -1.106, 9.528, -0.003, 0.003, 0.705, 0.709, 0, 0, 0, 0, 0, 0
0, 0, -1.105, 9.689, -0.003, 0.003, 0.705, 0.709, 0, 0, 0, 0, 0, 0
0, 0, -1.104, 9.845, -0.003, 0.003, 0.705, 0.709, 0, 0, 0, 0, 0, 0
0, 0, -1.103, 10.013, -0.003, 0.003, 0.705, 0.709, 0, 0, 0, 0, 0, 0
0, 0, -1.102, 10.182, -0.003, 0.003, 0.705, 0.709, 0, 0, 0, 0, 0, 0
0, 0, -1.101, 10.349, -0.003, 0.003, 0.705, 0.709, 0, 0, 0, 0, 0, 0
0, 0, -1.099, 10.53, -0.003, 0.003, 0.705, 0.709, 0, 0, 0, 0, 0, 0
0, 0, -1.098, 10.708, -0.003, 0.003, 0.705, 0.709, 0, 0, 0, 0, 0, 0
0, 0, -1.097, 10.872, -0.003, 0.003, 0.705, 0.709, 0, 0, 0, 0, 0, 0
0, 0, -1.096, 11.048, -0.003, 0.003, 0.705, 0.709, 0, 0, 0, 0, 0, 0
0, 0, -1.095, 11.206, -0.003, 0.003, 0.705, 0.709, 0, 0, 0, 0, 0, 0
0, 0, -1.094, 11.376, -0.003, 0.003, 0.705, 0.709, 0, 0, 0, 0, 0, 0
0, 0, -1.093, 11.541, -0.003, 0.003, 0.705, 0.709, 0, 0, 0, 0, 0, 0
0, 0, -1.092, 11.711, -0.003, 0.003, 0.704, 0.71, 0, 0, 0, 0, 0, 0
0, 0, -1.088, 11.87, -0.003, 0.003, 0.695, 0.719, 0, 0, 0, 0, 0, 0
0, 0, -1.081, 12.031, -0.003, 0.003, 0.69, 0.723, 0, 0, 0, 0, 0, 0
0, 0, -1.073, 12.192, -0.003, 0.003, 0.69, 0.724, 0, 0, 0, 0, 0, 0
0, 0, -1.063, 12.361, -0.003, 0.003, 0.68, 0.733, 0, 0, 0, 0, 0, 0
0, 0, -1.047, 12.532, -0.003, 0.003, 0.67, 0.743, 0, 0, 0, 0, 0, 0
0, 0, -1.028, 12.695, -0.003, 0.003, 0.66, 0.752, 0, 0, 0, 0, 0, 0
0, 0, -1.004, 12.854, -0.003, 0.003, 0.649, 0.76, 0, 0, 0, 0, 0, 0
0, 0, -0.977, 13.012, -0.003, 0.004, 0.639, 0.769, 0, 0, 0, 0, 0, 0
0, 0, -0.945, 13.176, -0.003, 0.004, 0.635, 0.773, 0, 0, 0, 0, 0, 0
0, 0, -0.913, 13.335, -0.003, 0.004, 0.635, 0.773, 0, 0, 0, 0, 0, 0
0, 0, -0.88, 13.504, -0.003, 0.004, 0.635, 0.773, 0, 0, 0, 0, 0, 0
0, 0, -0.848, 13.659, -0.003, 0.004, 0.629, 0.777, 0, 0, 0, 0, 0, 0
0, 0, -0.813, 13.812, -0.003, 0.004, 0.619, 0.785, 0, 0, 0, 0, 0, 0
0, 0, -0.774, 13.965, -0.003, 0.004, 0.609, 0.793, 0, 0, 0, 0, 0, 0
0, 0, -0.726, 14.137, -0.003, 0.004, 0.604, 0.797, 0, 0, 0, 0, 0, 0
0, 0, -0.681, 14.296, -0.003, 0.004, 0.604, 0.797, 0, 0, 0, 0, 0, 0
0, 0, -0.637, 14.453, -0.003, 0.004, 0.598, 0.801, 0, 0, 0, 0, 0, 0
0, 0, -0.588, 14.607, -0.003, 0.004, 0.588, 0.809, 0, 0, 0, 0, 0, 0
0, 0, -0.537, 14.756, -0.003, 0.004, 0.577, 0.817, 0, 0, 0, 0, 0, 0
0, 0, -0.478, 14.915, -0.003, 0.004, 0.565, 0.825, 0, 0, 0, 0, 0, 0
0, 0, -0.416, 15.068, -0.003, 0.004, 0.554, 0.832, 0, 0, 0, 0, 0, 0
0, 0, -0.346, 15.227, -0.002, 0.004, 0.542, 0.84, 0, 0, 0, 0, 0, 0
0, 0, -0.272, 15.385, -0.002, 0.004, 0.53, 0.848, 0, 0, 0, 0, 0, 0
0, 0, -0.195, 15.535, -0.002, 0.004, 0.518, 0.855, 0, 0, 0, 0, 0, 0
0, 0, -0.119, 15.676, -0.002, 0.004, 0.507, 0.862, 0, 0, 0, 0, 0, 0
0, 0, -0.032, 15.827, -0.002, 0.004, 0.494, 0.869, 0, 0, 0, 0, 0, 0
0, 0, 0.06, 15.976, -0.002, 0.004, 0.482, 0.876, 0, 0, 0, 0, 0, 0
0, 0, 0.146, 16.106, -0.002, 0.004, 0.47, 0.882, 0, 0, 0, 0, 0, 0
0, 0, 0.239, 16.24, -0.002, 0.004, 0.459, 0.889, 0, 0, 0, 0, 0, 0
0, 0, 0.332, 16.368, -0.002, 0.004, 0.447, 0.895, 0, 0, 0, 0, 0, 0
0, 0, 0.445, 16.513, -0.002, 0.004, 0.433, 0.901, 0, 0, 0, 0, 0, 0
0, 0, 0.55, 16.64, -0.002, 0.004, 0.421, 0.907, 0, 0, 0, 0, 0, 0
0, 0, 0.659, 16.764, -0.002, 0.004, 0.409, 0.913, 0, 0, 0, 0, 0, 0
0, 0, 0.771, 16.886, -0.002, 0.004, 0.396, 0.918, 0, 0, 0, 0, 0, 0
0, 0, 0.886, 17.004, -0.002, 0.004, 0.384, 0.924, 0, 0, 0, 0, 0, 0
0, 0, 1.003, 17.118, -0.002, 0.004, 0.371, 0.929, 0, 0, 0, 0, 0, 0
0, 0, 1.125, 17.231, -0.002, 0.004, 0.358, 0.934, 0, 0, 0, 0, 0, 0
0, 0, 1.251, 17.34, -0.002, 0.004, 0.345, 0.938, 0, 0, 0, 0, 0, 0
0, 0, 1.387, 17.452, -0.002, 0.004, 0.332, 0.943, 0, 0, 0, 0, 0, 0
0, 0, 1.513, 17.55, -0.001, 0.004, 0.319, 0.948, 0, 0, 0, 0, 0, 0
0, 0, 1.652, 17.652, -0.001, 0.004, 0.306, 0.952, 0, 0, 0, 0, 0, 0
0, 0, 1.79, 17.747, -0.001, 0.004, 0.293, 0.956, 0, 0, 0, 0, 0, 0
0, 0, 1.927, 17.841, -0.001, 0.004, 0.293, 0.956, 0, 0, 0, 0, 0, 0
0, 0, 2.066, 17.934, -0.001, 0.004, 0.287, 0.958, 0, 0, 0, 0, 0, 0
0, 0, 2.216, 18.029, -0.001, 0.004, 0.273, 0.962, 0, 0, 0, 0, 0, 0
0, 0, 2.367, 18.119, -0.001, 0.004, 0.259, 0.966, 0, 0, 0, 0, 0, 0
0, 0, 2.517, 18.202, -0.001, 0.004, 0.245, 0.97, 0, 0, 0, 0, 0, 0
0, 0, 2.664, 18.278, -0.001, 0.004, 0.232, 0.973, 0, 0, 0, 0, 0, 0
0, 0, 2.814, 18.351, -0.001, 0.004, 0.218, 0.976, 0, 0, 0, 0, 0, 0
0, 0, 2.964, 18.419, -0.001, 0.004, 0.205, 0.979, 0, 0, 0, 0, 0, 0
0, 0, 3.12, 18.484, -0.001, 0.004, 0.191, 0.982, 0, 0, 0, 0, 0, 0
0, 0, 3.268, 18.541, -0.001, 0.004, 0.179, 0.984, 0, 0, 0, 0, 0, 0
0, 0, 3.43, 18.602, -0.001, 0.004, 0.179, 0.984, 0, 0, 0, 0, 0, 0
0, 0, 3.593, 18.663, -0.001, 0.004, 0.172, 0.985, 0, 0, 0, 0, 0, 0
0, 0, 3.75, 18.717, -0.001, 0.005, 0.158, 0.987, 0, 0, 0, 0, 0, 0
0, 0, 3.916, 18.766, -0.001, 0.005, 0.138, 0.99, 0, 0, 0, 0, 0, 0
0, 0, 4.076, 18.809, -0.001, 0.005, 0.124, 0.992, 0, 0, 0, 0, 0, 0
0, 0, 4.24, 18.848, 0, 0.005, 0.111, 0.994, 0, 0, 0, 0, 0, 0
0, 0, 4.4, 18.884, -0.001, 0.005, 0.111, 0.994, 0, 0, 0, 0, 0, 0
0, 0, 4.569, 18.922, 0, 0.005, 0.104, 0.995, 0, 0, 0, 0, 0, 0
0, 0, 4.735, 18.954, 0, 0.005, 0.09, 0.996, 0, 0, 0, 0, 0, 0
0, 0, 4.916, 18.984, 0, 0.005, 0.075, 0.997, 0, 0, 0, 0, 0, 0
0, 0, 5.085, 19.009, 0, 0.005, 0.075, 0.997, 0, 0, 0, 0, 0, 0
0, 0, 5.257, 19.034, 0, 0.005, 0.068, 0.998, 0, 0, 0, 0, 0, 0
0, 0, 5.426, 19.055, 0, 0.005, 0.054, 0.999, 0, 0, 0, 0, 0, 0
0, 0, 5.598, 19.071, 0, 0.005, 0.04, 0.999, 0, 0, 0, 0, 0, 0
0, 0, 5.774, 19.082, 0, 0.005, 0.025, 1, 0, 0, 0, 0, 0, 0
0, 0, 5.948, 19.087, 0, 0.005, 0.011, 1, 0, 0, 0, 0, 0, 0
0, 0, 6.126, 19.089, 0, 0.005, 0.004, 1, 0, 0, 0, 0, 0, 0
0, 0, 6.3, 19.09, 0, 0.005, 0.004, 1, 0, 0, 0, 0, 0, 0
0, 0, 6.486, 19.091, 0, 0.005, 0.004, 1, 0, 0, 0, 0, 0, 0
0, 0, 6.656, 19.092, 0, 0.005, 0.004, 1, 0, 0, 0, 0, 0, 0
0, 0, 6.842, 19.093, 0, 0.005, 0.004, 1, 0, 0, 0, 0, 0, 0
0, 0, 7.004, 19.094, 0, 0.005, 0.004, 1, 0, 0, 0, 0, 0, 0
0, 0, 7.176, 19.095, 0, 0.005, 0.004, 1, 0, 0, 0, 0, 0, 0
0, 0, 7.346, 19.096, 0, 0.005, 0.004, 1, 0, 0, 0, 0, 0, 0
0, 0, 7.517, 19.097, 0, 0.005, 0.004, 1, 0, 0, 0, 0, 0, 0
0, 0, 7.685, 19.098, 0, 0.005, 0.004, 1, 0, 0, 0, 0, 0, 0
0, 0, 7.857, 19.099, 0, 0.005, 0.004, 1, 0, 0, 0, 0, 0, 0
0, 0, 8.029, 19.1, 0, 0.005, 0.004, 1, 0, 0, 0, 0, 0, 0
0, 0, 8.197, 19.101, 0, 0.005, 0.004, 1, 0, 0, 0, 0, 0, 0
0, 0, 8.357, 19.102, 0, 0.005, 0.004, 1, 0, 0, 0, 0, 0, 0
0, 0, 8.528, 19.103, 0, 0.005, 0.004, 1, 0, 0, 0, 0, 0, 0
0, 0, 8.704, 19.105, 0, 0.005, 0.004, 1, 0, 0, 0, 0, 0, 0
0, 0, 8.881, 19.106, 0, 0.005, 0.004, 1, 0, 0, 0, 0, 0, 0
0, 0, 9.052, 19.107, 0, 0.005, 0.004, 1, 0, 0, 0, 0, 0, 0
0, 0, 9.226, 19.108, 0, 0.005, 0.004, 1, 0, 0, 0, 0, 0, 0
0, 0, 9.395, 19.112, 0, 0.005, 0.018, 1, 0, 0, 0, 0, 0, 0
0, 0, 9.564, 19.121, 0, 0.005, 0.032, 0.999, 0, 0, 0, 0, 0, 0
0, 0, 9.74, 19.135, 0, 0.005, 0.047, 0.999, 0, 0, 0, 0, 0, 0
0, 0, 9.909, 19.154, 0, 0.005, 0.061, 0.998, 0, 0, 0, 0, 0, 0
0, 0, 10.076, 19.177, 0, 0.005, 0.074, 0.997, 0, 0, 0, 0, 0, 0
0, 0, 10.262, 19.208, 0, 0.005, 0.09, 0.996, 0, 0, 0, 0, 0, 0
0, 0, 10.43, 19.242, 0, 0.005, 0.104, 0.995, 0, 0, 0, 0, 0, 0
0, 0, 10.595, 19.279, -0.001, 0.005, 0.118, 0.993, 0, 0, 0, 0, 0, 0
0, 0, 10.762, 19.322, -0.001, 0.005, 0.132, 0.991, 0, 0, 0, 0, 0, 0
0, 0, 10.932, 19.372, -0.001, 0.005, 0.147, 0.989, 0, 0, 0, 0, 0, 0
0, 0, 11.101, 19.426, -0.001, 0.005, 0.161, 0.987, 0, 0, 0, 0, 0, 0
0, 0, 11.266, 19.485, -0.001, 0.004, 0.175, 0.985, 0, 0, 0, 0, 0, 0
0, 0, 11.428, 19.547, -0.001, 0.004, 0.189, 0.982, 0, 0, 0, 0, 0, 0
0, 0, 11.581, 19.611, -0.001, 0.004, 0.203, 0.979, 0, 0, 0, 0, 0, 0
0, 0, 11.738, 19.683, -0.001, 0.004, 0.217, 0.976, 0, 0, 0, 0, 0, 0
0, 0, 11.898, 19.761, -0.001, 0.004, 0.231, 0.973, 0, 0, 0, 0, 0, 0
0, 0, 12.052, 19.842, -0.001, 0.004, 0.252, 0.968, 0, 0, 0, 0, 0, 0
0, 0, 12.21, 19.934, -0.001, 0.004, 0.266, 0.964, 0, 0, 0, 0, 0, 0
0, 0, 12.349, 20.021, -0.001, 0.004, 0.286, 0.958, 0, 0, 0, 0, 0, 0
0, 0, 12.488, 20.119, -0.001, 0.004, 0.313, 0.95, 0, 0, 0, 0, 0, 0
0, 0, 12.624, 20.227, -0.002, 0.004, 0.34, 0.94, 0, 0, 0, 0, 0, 0
0, 0, 12.756, 20.344, -0.002, 0.004, 0.367, 0.93, 0, 0, 0, 0, 0, 0
0, 0, 12.879, 20.463, -0.002, 0.004, 0.38, 0.925, 0, 0, 0, 0, 0, 0
0, 0, 12.995, 20.582, -0.002, 0.004, 0.393, 0.92, 0, 0, 0, 0, 0, 0
0, 0, 13.115, 20.712, -0.002, 0.004, 0.406, 0.914, 0, 0, 0, 0, 0, 0
0, 0, 13.236, 20.851, -0.002, 0.004, 0.42, 0.907, 0, 0, 0, 0, 0, 0
0, 0, 13.346, 20.987, -0.002, 0.004, 0.44, 0.898, 0, 0, 0, 0, 0, 0
0, 0, 13.447, 21.127, -0.002, 0.004, 0.466, 0.885, 0, 0, 0, 0, 0, 0
0, 0, 13.539, 21.271, -0.002, 0.004, 0.491, 0.871, 0, 0, 0, 0, 0, 0
0, 0, 13.621, 21.417, -0.002, 0.004, 0.515, 0.857, 0, 0, 0, 0, 0, 0
0, 0, 13.697, 21.573, -0.002, 0.004, 0.54, 0.842, 0, 0, 0, 0, 0, 0
0, 0, 13.766, 21.739, -0.003, 0.004, 0.565, 0.825, 0, 0, 0, 0, 0, 0
0, 0, 13.824, 21.9, -0.003, 0.004, 0.581, 0.814, 0, 0, 0, 0, 0, 0
0, 0, 13.877, 22.065, -0.003, 0.004, 0.593, 0.805, 0, 0, 0, 0, 0, 0
0, 0, 13.927, 22.235, -0.003, 0.004, 0.605, 0.796, 0, 0, 0, 0, 0, 0
0, 0, 13.973, 22.413, -0.003, 0.004, 0.617, 0.787, 0, 0, 0, 0, 0, 0
0, 0, 14.011, 22.578, -0.003, 0.004, 0.628, 0.778, 0, 0, 0, 0, 0, 0
0, 0, 14.045, 22.748, -0.003, 0.004, 0.639, 0.769, 0, 0, 0, 0, 0, 0
0, 0, 14.074, 22.917, -0.003, 0.003, 0.65, 0.76, 0, 0, 0, 0, 0, 0
0, 0, 14.098, 23.091, -0.003, 0.003, 0.661, 0.751, 0, 0, 0, 0, 0, 0
0, 0, 14.117, 23.259, -0.003, 0.003, 0.671, 0.741, 0, 0, 0, 0, 0, 0
0, 0, 14.132, 23.441, -0.003, 0.003, 0.682, 0.731, 0, 0, 0, 0, 0, 0
0, 0, 14.141, 23.611, -0.003, 0.003, 0.692, 0.721, 0, 0, 0, 0, 0, 0
0, 0, 14.146, 23.786, -0.003, 0.003, 0.697, 0.717, 0, 0, 0, 0, 0, 0
0, 0, 14.15, 23.954, -0.003, 0.003, 0.697, 0.717, 0, 0, 0, 0, 0, 0
0, 0, 14.155, 24.129, -0.003, 0.003, 0.697, 0.717, 0, 0, 0, 0, 0, 0
0, 0, 14.16, 24.308, -0.003, 0.003, 0.697, 0.717, 0, 0, 0, 0, 0, 0
0, 0, 14.165, 24.49, -0.003, 0.003, 0.697, 0.717, 0, 0, 0, 0, 0, 0
0, 0, 14.17, 24.665, -0.003, 0.003, 0.697, 0.717, 0, 0, 0, 0, 0, 0
0, 0, 14.174, 24.843, -0.003, 0.003, 0.697, 0.717, 0, 0, 0, 0, 0, 0
0, 0, 14.179, 25.022, -0.003, 0.003, 0.697, 0.717, 0, 0, 0, 0, 0, 0
0, 0, 14.184, 25.199, -0.003, 0.003, 0.697, 0.717, 0, 0, 0, 0, 0, 0
0, 0, 14.189, 25.373, -0.003, 0.003, 0.697, 0.717, 0, 0, 0, 0, 0, 0
0, 0, 14.193, 25.548, -0.003, 0.003, 0.697, 0.717, 0, 0, 0, 0, 0, 0
0, 0, 14.198, 25.723, -0.003, 0.003, 0.697, 0.717, 0, 0, 0, 0, 0, 0
0, 0, 14.206, 25.901, -0.003, 0.003, 0.687, 0.727, 0, 0, 0, 0, 0, 0
0, 0, 14.219, 26.079, -0.003, 0.003, 0.676, 0.737, 0, 0, 0, 0, 0, 0
0, 0, 14.237, 26.25, -0.003, 0.003, 0.665, 0.746, 0, 0, 0, 0, 0, 0
0, 0, 14.26, 26.421, -0.003, 0.003, 0.649, 0.761, 0, 0, 0, 0, 0, 0
0, 0, 14.292, 26.587, -0.003, 0.004, 0.627, 0.779, 0, 0, 0, 0, 0, 0
0, 0, 14.335, 26.756, -0.003, 0.004, 0.604, 0.797, 0, 0, 0, 0, 0, 0
0, 0, 14.386, 26.91, -0.003, 0.004, 0.57, 0.821, 0, 0, 0, 0, 0, 0
0, 0, 14.454, 27.068, -0.002, 0.004, 0.534, 0.845, 0, 0, 0, 0, 0, 0
0, 0, 14.536, 27.226, -0.002, 0.004, 0.509, 0.861, 0, 0, 0, 0, 0, 0
0, 0, 14.622, 27.371, -0.002, 0.004, 0.484, 0.875, 0, 0, 0, 0, 0, 0
0, 0, 14.726, 27.525, -0.002, 0.004, 0.457, 0.889, 0, 0, 0, 0, 0, 0
0, 0, 14.829, 27.659, -0.002, 0.004, 0.432, 0.902, 0, 0, 0, 0, 0, 0
0, 0, 14.938, 27.786, -0.002, 0.004, 0.406, 0.914, 0, 0, 0, 0, 0, 0
0, 0, 15.057, 27.909, -0.002, 0.004, 0.38, 0.925, 0, 0, 0, 0, 0, 0
0, 0, 15.179, 28.023, -0.002, 0.004, 0.361, 0.932, 0, 0, 0, 0, 0, 0
0, 0, 15.314, 28.141, -0.002, 0.004, 0.34, 0.941, 0, 0, 0, 0, 0, 0
0, 0, 15.45, 28.246, -0.001, 0.004, 0.305, 0.952, 0, 0, 0, 0, 0, 0
0, 0, 15.607, 28.345, -0.001, 0.004, 0.259, 0.966, 0, 0, 0, 0, 0, 0
0, 0, 15.752, 28.421, -0.001, 0.004, 0.227, 0.974, 0, 0, 0, 0, 0, 0
0, 0, 15.904, 28.49, -0.001, 0.004, 0.199, 0.98, 0, 0, 0, 0, 0, 0
0, 0, 16.073, 28.555, -0.001, 0.004, 0.17, 0.986, 0, 0, 0, 0, 0, 0
0, 0, 16.239, 28.608, -0.001, 0.005, 0.141, 0.99, 0, 0, 0, 0, 0, 0
0, 0, 16.413, 28.652, -0.001, 0.005, 0.111, 0.994, 0, 0, 0, 0, 0, 0
0, 0, 16.598, 28.686, 0, 0.005, 0.08, 0.997, 0, 0, 0, 0, 0, 0
0, 0, 16.775, 28.712, 0, 0.005, 0.066, 0.998, 0, 0, 0, 0, 0, 0
0, 0, 16.877, 28.725, 0, 0.005, 0.057, 0.998, 0, 0, 0, 0, 0, 0
0, 0, 17.07, 28.743, 0, 0.005, 0.041, 0.999, 0, 0, 0, 0, 0, 0
0, 0, 17.243, 28.756, 0, 0.005, 0.035, 0.999, 0, 0, 0, 0, 0, 0
0, 0, 17.43, 28.769, 0, 0.005, 0.034, 0.999, 0, 0, 0, 0, 0, 0
0, 0, 17.615, 28.779, 0, 0.005, 0.019, 1, 0, 0, 0, 0, 0, 0
0, 0, 17.783, 28.782, 0, 0.005, 0.005, 1, 0, 0, 0, 0, 0, 0
0, 0, 17.959, 28.782, 0, 0.005, -0.001, 1, 0, 0, 0, 0, 0, 0
0, 0, 18.139, 28.782, 0, 0.005, -0.001, 1, 0, 0, 0, 0, 0, 0
0, 0, 18.328, 28.782, 0, 0.005, -0.001, 1, 0, 0, 0, 0, 0, 0
0, 0, 18.435, 28.782, 0, 0.005, -0.001, 1, 0, 0, 0, 0, 0, 0
