t_sec, t_nanosec, x, y, orientation_x, orientation_y, orientation_z, orientation_w, longitudinal_velocity_mps, lateral_velocity_mps, acceleration_mps2, heading_rate_rps, front_wheel_angle_rad, rear_wheel_angle_rad
0, 0, -1.1, 0.15, 0, 0, 0, 1, 0, 0, 0, 0, 0, 0
0, 0, -0.998, 0.15, 0, 0, 0, 1, 0, 0, 0, 0, 0, 0
0, 0, -0.893, 0.15, 0, 0, 0, 1, 0, 0, 0, 0, 0, 0
0, 0, -0.789, 0.15, 0, 0, 0, 1, 0, 0, 0, 0, 0, 0
0, 0, -0.689, 0.151, 0, 0, 0.014, 1, 0, 0, 0, 0, 0, 0
0, 0, -0.582, 0.162, 0, 0, 0.089, 0.996, 0, 0, 0, 0, 0, 0
0, 0, -0.485, 0.194, 0, 0, 0.213, 0.977, 0, 0, 0, 0, 0, 0
0, 0, -0.399, 0.248, 0, 0, 0.316, 0.949, 0, 0, 0, 0, 0, 0
0, 0, -0.325, 0.318, 0, 0, 0.403, 0.915, 0, 0, 0, 0, 0, 0
0, 0, -0.264, 0.398, 0, 0, 0.478, 0.878, 0, 0, 0, 0, 0, 0
0, 0, -0.219, 0.489, 0, 0, 0.557, 0.831, 0, 0, 0, 0, 0, 0
0, 0, -0.188, 0.592, 0, 0, 0.621, 0.784, 0, 0, 0, 0, 0, 0
0, 0, -0.17, 0.691, 0, 0, 0.66, 0.752, 0, 0, 0, 0, 0, 0
0, 0, -0.16, 0.798, 0, 0, 0.681, 0.732, 0, 0, 0, 0, 0, 0
0, 0, -0.155, 0.905, 0, 0, 0.695, 0.719, 0, 0, 0, 0, 0, 0
0, 0, -0.152, 1.011, 0, 0, 0.696, 0.718, 0, 0, 0, 0, 0, 0
0, 0, -0.149, 1.117, 0, 0, 0.7, 0.714, 0, 0, 0, 0, 0, 0
0, 0, -0.148, 1.222, 0, 0, 0.705, 0.709, 0, 0, 0, 0, 0, 0
0, 0, -0.147, 1.325, 0, 0, 0.705, 0.709, 0, 0, 0, 0, 0, 0
0, 0, -0.146, 1.429, 0, 0, 0.705, 0.709, 0, 0, 0, 0, 0, 0
0, 0, -0.147, 1.532, 0, 0, 0.709, 0.705, 0, 0, 0, 0, 0, 0
0, 0, -0.147, 1.638, 0, 0, 0.709, 0.705, 0, 0, 0, 0, 0, 0
0, 0, -0.147, 1.738, 0, 0, 0.701, 0.713, 0, 0, 0, 0, 0, 0
0, 0, -0.14, 1.846, 0, 0, 0.672, 0.741, 0, 0, 0, 0, 0, 0
0, 0, -0.125, 1.951, 0, 0, 0.646, 0.763, 0, 0, 0, 0, 0, 0
0, 0, -0.104, 2.052, 0, 0, 0.613, 0.79, 0, 0, 0, 0, 0, 0
0, 0, -0.071, 2.156, 0, 0, 0.578, 0.816, 0, 0, 0, 0, 0, 0
0, 0, -0.028, 2.253, 0, 0, 0.518, 0.855, 0, 0, 0, 0, 0, 0
0, 0, 0.025, 2.338, 0, 0, 0.461, 0.888, 0, 0, 0, 0, 0, 0
0, 0, 0.09, 2.422, 0, 0, 0.427, 0.904, 0, 0, 0, 0, 0, 0
0, 0, 0.166, 2.499, 0, 0, 0.356, 0.935, 0, 0, 0, 0, 0, 0
0, 0, 0.25, 2.565, 0, 0, 0.305, 0.952, 0, 0, 0, 0, 0, 0
0, 0, 0.343, 2.62, 0, 0, 0.236, 0.972, 0, 0, 0, 0, 0, 0
0, 0, 0.444, 2.662, 0, 0, 0.164, 0.986, 0, 0, 0, 0, 0, 0
0, 0, 0.544, 2.69, 0, 0, 0.126, 0.992, 0, 0, 0, 0, 0, 0
0, 0, 0.645, 2.711, 0, 0, 0.072, 0.997, 0, 0, 0, 0, 0, 0
0, 0, 0.753, 2.72, 0, 0, 0.037, 0.999, 0, 0, 0, 0, 0, 0
0, 0, 0.853, 2.725, 0, 0, 0.02, 1, 0, 0, 0, 0, 0, 0
0, 0, 0.955, 2.727, 0, 0, 0.008, 1, 0, 0, 0, 0, 0, 0
0, 0, 1.057, 2.728, 0, 0, 0.002, 1, 0, 0, 0, 0, 0, 0
0, 0, 1.16, 2.729, 0, 0, 0.002, 1, 0, 0, 0, 0, 0, 0
0, 0, 1.263, 2.729, 0, 0, 0.002, 1, 0, 0, 0, 0, 0, 0
0, 0, 1.365, 2.733, 0, 0, 0.033, 0.999, 0, 0, 0, 0, 0, 0
0, 0, 1.465, 2.744, 0, 0, 0.066, 0.998, 0, 0, 0, 0, 0, 0
0, 0, 1.572, 2.763, 0, 0, 0.115, 0.993, 0, 0, 0, 0, 0, 0
0, 0, 1.673, 2.796, 0, 0, 0.195, 0.981, 0, 0, 0, 0, 0, 0
0, 0, 1.767, 2.849, 0, 0, 0.294, 0.956, 0, 0, 0, 0, 0, 0
0, 0, 1.849, 2.918, 0, 0, 0.373, 0.928, 0, 0, 0, 0, 0, 0
0, 0, 1.916, 2.994, 0, 0, 0.438, 0.899, 0, 0, 0, 0, 0, 0
0, 0, 1.97, 3.083, 0, 0, 0.532, 0.847, 0, 0, 0, 0, 0, 0
0, 0, 2.002, 3.178, 0, 0, 0.616, 0.788, 0, 0, 0, 0, 0, 0
0, 0, 2.019, 3.284, 0, 0, 0.665, 0.747, 0, 0, 0, 0, 0, 0
0, 0, 2.026, 3.39, 0, 0, 0.695, 0.719, 0, 0, 0, 0, 0, 0
0, 0, 2.028, 3.492, 0, 0, 0.705, 0.709, 0, 0, 0, 0, 0, 0
0, 0, 2.027, 3.602, 0, 0, 0.711, 0.703, 0, 0, 0, 0, 0, 0
0, 0, 2.025, 3.706, 0, 0, 0.711, 0.703, 0, 0, 0, 0, 0, 0
0, 0, 2.028, 3.815, 0, 0, 0.676, 0.737, 0, 0, 0, 0, 0, 0
0, 0, 2.052, 3.919, 0, 0, 0.573, 0.82, 0, 0, 0, 0, 0, 0
0, 0, 2.114, 4.016, 0, 0, 0.411, 0.911, 0, 0, 0, 0, 0, 0
0, 0, 2.2, 4.088, 0, 0, 0.291, 0.957, 0, 0, 0, 0, 0, 0
0, 0, 2.296, 4.13, 0, 0, 0.149, 0.989, 0, 0, 0, 0, 0, 0
0, 0, 2.403, 4.153, 0, 0, 0.071, 0.998, 0, 0, 0, 0, 0, 0
0, 0, 2.509, 4.151, 0, 0, -0.053, 0.999, 0, 0, 0, 0, 0, 0
0, 0, 2.622, 4.143, 0, 0, -0.017, 1, 0, 0, 0, 0, 0, 0
