# x y z qx qy qz qw 
0.0 0.0 0 29.74681117 106.55385485 258.31
0.0 0.0 0 29.74681117 106.55385485 258.31
-0.0009673413151806198 -0.0011085277222696996 0 29.74681116 106.55385484 258.31
-0.0009673413151806198 -0.0011085277222696996 0 29.74681116 106.55385484 258.31
-0.0009673413151806198 -0.0011085277222696996 0 29.74681116 106.55385484 258.31
-0.0009673413151806198 -0.0011085277222696996 0 29.74681116 106.55385484 258.31
-0.0009673413151806198 -0.0011085277222696996 0 29.74681116 106.55385484 258.31
-0.0009673413151806198 -0.0011085277222696996 0 29.74681116 106.55385484 258.31
-0.0009673413151806198 -0.0011085277222696996 0 29.74681116 106.55385484 258.31
-0.0009673413151806198 -0.0011085277222696996 0 29.74681116 106.55385484 258.31
-0.0009673413151806198 -0.0011085277222696996 0 29.74681116 106.55385484 258.31
-0.0009673413151806198 -0.0011085277222696996 0 29.74681116 106.55385484 258.31
-0.0019346823052735149 -0.0011085275043992912 0 29.74681116 106.55385483 258.31
-0.0019346823052735149 -0.0011085275043992912 0 29.74681116 106.55385483 258.31
-0.0019346823052735149 -0.0011085275043992912 0 29.74681116 106.55385483 258.31
-0.0019346823052735149 -0.0011085275043992912 0 29.74681116 106.55385483 258.31
-0.0019346823052735149 -0.0011085275043992912 0 29.74681116 106.55385483 258.31
-0.0019346823052735149 -0.0011085275043992912 0 29.74681116 106.55385483 258.31
-0.0019346823052735149 -0.0011085275043992912 0 29.74681116 106.55385483 258.31
-0.0019346823052735149 -0.0011085275043992912 0 29.74681116 106.55385483 258.31
-0.0019346823052735149 -0.0011085275043992912 0 29.74681116 106.55385483 258.31
-0.0019346823052735149 -0.0011085275043992912 0 29.74681116 106.55385483 258.31
-0.0019346823052735149 -0.0011085275043992912 0 29.74681116 106.55385483 258.31
-0.0019346823052735149 -0.0011085275043992912 0 29.74681116 106.55385483 258.31
-0.0019346823052735149 -0.0011085275043992912 0 29.74681116 106.55385483 258.31
-0.0029020246766173438 -0.0011085275648966165 0 29.74681116 106.55385482 258.31
-0.0029020246766173438 -0.0011085275648966165 0 29.74681116 106.55385482 258.31
-0.0029020246766173438 -0.0011085275648966165 0 29.74681116 106.55385482 258.31
-0.0029020246766173438 -0.0011085275648966165 0 29.74681116 106.55385482 258.31
-0.0029020246766173438 -0.0011085275648966165 0 29.74681116 106.55385482 258.31
-0.0029020246766173438 -0.0011085275648966165 0 29.74681116 106.55385482 258.31
-0.0029020246766173438 -0.0011085275648966165 0 29.74681116 106.55385482 258.31
-0.0029020246766173438 -0.0011085275648966165 0 29.74681116 106.55385482 258.31
-0.0029020246766173438 -0.0011085275648966165 0 29.74681116 106.55385482 258.31
-0.0029020246941871743 -0.0022170545862423216 0 29.74681115 106.55385482 258.31
-0.0029020246941871743 -0.0022170545862423216 0 29.74681115 106.55385482 258.31
-0.0029020246766173438 -0.0011085275648966165 0 29.74681116 106.55385482 258.31
-0.0029020246766173438 -0.0011085275648966165 0 29.74681116 106.55385482 258.31
-0.0029020246941871743 -0.0022170545862423216 0 29.74681115 106.55385482 258.31
-0.0029020246766173438 -0.0011085275648966165 0 29.74681116 106.55385482 258.31
-0.0029020246766173438 -0.0011085275648966165 0 29.74681116 106.55385482 258.31
-0.0029020246766173438 -0.0011085275648966165 0 29.74681116 106.55385482 258.31
-0.0029020246766173438 -0.0011085275648966165 0 29.74681116 106.55385482 258.31
-0.0029020246766173438 -0.0011085275648966165 0 29.74681116 106.55385482 258.31
-0.003869366378420089 -0.0011085277241372879 0 29.74681116 106.55385481 258.31
-0.003869366378420089 -0.0011085277241372879 0 29.74681116 106.55385481 258.31
-0.003869366378420089 -0.0011085277241372879 0 29.74681116 106.55385481 258.31
-0.003869366378420089 -0.0011085277241372879 0 29.74681116 106.55385481 258.31
-0.003869366378420089 -0.0011085277241372879 0 29.74681116 106.55385481 258.31
-0.003869366378420089 -0.0011085277241372879 0 29.74681116 106.55385481 258.31
-0.003869366378420089 -0.0011085277241372879 0 29.74681116 106.55385481 258.31
-0.003869366378420089 -0.0011085277241372879 0 29.74681116 106.55385481 258.31
-0.003869366378420089 -0.0011085277241372879 0 29.74681116 106.55385481 258.31
-0.003869366378420089 -0.0011085277241372879 0 29.74681116 106.55385481 258.31
-0.003869366378420089 -0.0011085277241372879 0 29.74681116 106.55385481 258.31
-0.003869366378420089 -0.0011085277241372879 0 29.74681116 106.55385481 258.31
-0.003869366378420089 -0.0011085277241372879 0 29.74681116 106.55385481 258.31
-0.003869366378420089 -0.0011085277241372879 0 29.74681116 106.55385481 258.31
-0.003869366378420089 -0.0011085277241372879 0 29.74681116 106.55385481 258.31
-0.0038693663959899196 -0.0022170547454829935 0 29.74681115 106.55385481 258.31
-0.005804049939943162 -0.002217054817980522 0 29.74681115 106.55385479 258.3
-0.005804049939943162 -0.002217054817980522 0 29.74681115 106.55385479 258.3
-0.005804049922373332 -0.0011085273923353792 0 29.74681116 106.55385479 258.3
-0.005804049922373332 -0.0011085273923353792 0 29.74681116 106.55385479 258.3
-0.006771392311286991 -0.0022170548784778473 0 29.74681115 106.55385478 258.3
-0.00677139229371716 -0.0011085274528327051 0 29.74681116 106.55385478 258.3
-0.006771392434275805 -0.009976743623598346 0 29.74681108 106.55385478 258.3
-0.005804049910030937 -0.014410850872799417 0 29.74681104 106.55385479 258.3
-0.004836708802176665 -0.021062013251658507 0 29.74681098 106.5538548 258.3
-0.0038693663903798864 -0.029930228657797386 0 29.7468109 106.55385481 258.3
-0.00290202461649615 -0.04212402407752118 0 29.74681079 106.55385482 258.3
-0.0009673412617917862 -0.05653487507104405 0 29.74681066 106.55385484 258.29
0.0019346837435107542 -0.07427130663502332 0 29.7468105 106.55385487 258.29
0.22152129440061405 -1.3391005333180641 0 29.74679909 106.55385714 258.22
0.2302273724267229 -1.381224555897411 0 29.74679871 106.55385723 258.22
0.2379661076948657 -1.4222400517828253 0 29.74679834 106.55385731 258.22
0.24473750164782798 -1.4643640753905092 0 29.74679796 106.55385738 258.22
0.2495742120161731 -1.5064880988079057 0 29.74679758 106.55385743 258.22
0.2553782644099038 -1.5475035924387641 0 29.74679721 106.55385749 258.21
0.5475155997517687 -3.3887667340466665 0 29.7467806 106.55386051 258.07
0.5523523112994085 -3.42978222356196 0 29.74678023 106.55386056 258.06
0.5571890230840701 -3.470797719231008 0 29.74677986 106.55386061 258.06
0.5649277606858498 -3.511813214045224 0 29.74677949 106.55386069 258.06
0.5716991574155088 -3.550611649938514 0 29.74677914 106.55386076 258.05
0.5784705537794164 -3.5905186175521546 0 29.74677878 106.55386083 258.05
0.842555045255221 -5.282130529171067 0 29.74676352 106.55386356 257.91
0.8493264432148834 -5.335339809030169 0 29.74676304 106.55386363 257.9
0.8560978422691493 -5.390766152856071 0 29.74676254 106.5538637 257.9
0.861901900393061 -5.445083968562602 0 29.74676205 106.55386376 257.9
0.8667386136943734 -5.498293249208187 0 29.74676157 106.55386381 257.89
0.8715753300005167 -5.549285485104741 0 29.74676111 106.55386386 257.89
0.8773793858363979 -5.5991691938243076 0 29.74676066 106.55386392 257.89
1.0495663903753711 -6.74871142208254 0 29.74675029 106.5538657 257.78
1.0524684194627496 -6.779750173543443 0 29.74675001 106.55386573 257.78
1.0553704472393735 -6.810788913762872 0 29.74674973 106.55386576 257.77
1.05923981972966 -6.841827665875261 0 29.74674945 106.5538658 257.77
1.0621418504882376 -6.873974943968947 0 29.74674916 106.55386583 257.77
1.0650438784283032 -6.90612221171849 0 29.74674887 106.55386586 257.76
1.1646802345446 -8.035710926442917 0 29.74673868 106.55386689 257.66
1.166614921907441 -8.07561787897301 0 29.74673832 106.55386691 257.65
1.1695169545041029 -8.118850425524162 0 29.74673793 106.55386694 257.65
1.1733863261825626 -8.162082956376171 0 29.74673754 106.55386698 257.64
1.177255700324614 -8.206424030017702 0 29.74673714 106.55386702 257.64
1.1801577319564793 -8.250765103139408 0 29.74673674 106.55386705 257.64
1.272055373890694 -9.442431259413459 0 29.74672599 106.553868 257.53
1.2739900635290127 -9.482338223995782 0 29.74672563 106.55386802 257.53
1.2759247513978789 -9.52224517283712 0 29.74672527 106.55386804 257.52
1.2788267828944129 -9.561043610414883 0 29.74672492 106.55386807 257.52
1.2826961574985996 -9.600950574909128 0 29.74672456 106.55386811 257.52
1.2855981885225949 -9.639748997014943 0 29.74672421 106.55386814 257.51
1.2875328770204126 -9.678547434482905 0 29.74672386 106.55386816 257.51
1.3881366188891744 -10.831415118382946 0 29.74671346 106.5538692 257.41
1.3920059952558523 -10.875756188293513 0 29.74671306 106.55386924 257.41
1.3958753695033919 -10.920097241431945 0 29.74671266 106.55386928 257.4
1.4007120881763675 -10.967763891955363 0 29.74671223 106.55386933 257.4
1.4065161502944201 -11.015430543463008 0 29.7467118 106.55386939 257.4
1.4113528671504678 -11.065314229067344 0 29.74671135 106.55386944 257.39
1.552585053757521 -12.427693415566448 0 29.74669906 106.5538709 257.29
1.5574217704360682 -12.472034466102695 0 29.74669866 106.55387095 257.28
1.5612911476004412 -12.521918168404436 0 29.74669821 106.55387099 257.28
1.5661278691447813 -12.57180187215481 0 29.74669776 106.55387104 257.28
1.571931928660325 -12.619468502013728 0 29.74669733 106.5538711 257.27
1.7083274523747625 -14.1436924697575 0 29.74668358 106.55387251 257.14
1.711229487141397 -14.189142064999675 0 29.74668317 106.55387254 257.14
1.7150988662879985 -14.234591659264687 0 29.74668276 106.55387258 257.14
1.7199355842932178 -14.280041232541748 0 29.74668235 106.55387263 257.13
1.7247723051416217 -14.325490827860415 0 29.74668194 106.55387268 257.13
1.7334784035744335 -14.423041154795671 0 29.74668106 106.55387277 257.12
1.8969596164317 -16.272063309769436 0 29.74666438 106.55387446 256.97
1.901796339687464 -16.321947009013194 0 29.74666393 106.55387451 256.97
1.906633059876862 -16.371830684565232 0 29.74666348 106.55387456 256.96
1.9114697833558063 -16.421714383841902 0 29.74666303 106.55387461 256.96
1.917273850146292 -16.46938103034633 0 29.7466626 106.55387467 256.96
1.923077916713597 -16.517047677222145 0 29.74666217 106.55387473 256.96
2.091395855443886 -18.06565911604769 0 29.7466482 106.55387647 256.85
2.097199922517216 -18.113325762064843 0 29.74664777 106.55387653 256.85
2.1039713299147524 -18.16099237899088 0 29.74664734 106.5538766 256.84
2.1107427408917827 -18.209767550191394 0 29.7466469 106.55387667 256.84
2.1194488380648275 -18.257434195503233 0 29.74664647 106.55387676 256.84
2.129122276539136 -18.305100810903905 0 29.74664604 106.55387686 256.83
2.469627316705703 -19.600968130987717 0 29.74663435 106.55388038 256.74
2.4889741882054177 -19.647526214596667 0 29.74663393 106.55388058 256.73
2.5083210645340626 -19.69740990963554 0 29.74663348 106.55388078 256.73
2.526700597375462 -19.74729360416604 0 29.74663303 106.55388097 256.73
2.547014813889471 -19.79717726791627 0 29.74663258 106.55388118 256.72
2.567329033167634 -19.84484390835676 0 29.74663215 106.55388139 256.72
2.59054528405499 -19.89694465595909 0 29.74663168 106.55388163 256.72
3.2067432150726765 -20.98440883241026 0 29.74662187 106.553888 256.63
3.2376982165220296 -21.033183995423308 0 29.74662143 106.55388832 256.63
3.2696205617661467 -21.081959157217337 0 29.74662099 106.55388865 256.63
3.3015429011444604 -21.12962575923701 0 29.74662056 106.55388898 256.62
3.333465246617065 -21.176183867887804 0 29.74662014 106.55388931 256.62
4.375294483395008 -22.464291053312603 0 29.74660852 106.55390008 256.51
4.4130208932863795 -22.504197995626043 0 29.74660816 106.55390047 256.51
4.4497799624477 -22.546321991667718 0 29.74660778 106.55390085 256.51
4.485571680271947 -22.58844595367593 0 29.7466074 106.55390122 256.5
4.558122466677618 -22.670476855882015 0 29.74660666 106.55390197 256.49
9.390972018480353 -24.971773988708563 0 29.7465859 106.55395193 256.22
9.445143272733606 -24.983967734601748 0 29.74658579 106.55395249 256.22
9.498347167573124 -24.996161442922308 0 29.74658568 106.55395304 256.21
9.54961639051416 -25.00724666455744 0 29.74658558 106.55395357 256.21
9.601852957889596 -25.019440411702952 0 29.74658547 106.55395411 256.21
9.654089507486331 -25.030525593429765 0 29.74658537 106.55395465 256.2
9.705358731000235 -25.041610813703162 0 29.74658527 106.55395518 256.2
11.29663902419576 -25.241143658705845 0 29.74658347 106.55397163 256.09
11.349842926561884 -25.24336065819082 0 29.74658345 106.55397218 256.09
11.402079467547814 -25.24557761771389 0 29.74658343 106.55397272 256.08
11.455283369775094 -25.247794616214247 0 29.74658341 106.55397327 256.08
11.508487270204668 -25.248903088296483 0 29.7465834 106.55397382 256.08
11.559756467286899 -25.25001152142329 0 29.74658339 106.55397435 256.07
13.69081398519306 -25.09259775500654 0 29.74658481 106.55399638 255.92
13.744017874653444 -25.08594653053467 0 29.74658487 106.55399693 255.92
13.796254421211788 -25.079295307413474 0 29.74658493 106.55399747 255.92
13.849458310491164 -25.07264408283713 0 29.74658499 106.55399802 255.92
13.90072749052391 -25.064884293246493 0 29.74658506 106.55399855 255.91
15.569394807092598 -24.83874257058382 0 29.7465871 106.5540158 255.88
15.636141523377724 -24.8287657787067 0 29.74658719 106.55401649 255.89
15.703855562742351 -24.821005997953577 0 29.74658726 106.55401719 255.89
15.773504287482275 -24.812137688220528 0 29.74658734 106.55401791 255.89
15.84315301266856 -24.803269377340406 0 29.74658742 106.55401863 255.89
15.91280173749282 -24.79440106705995 0 29.7465875 106.55401935 255.89
15.981483139376417 -24.78331574259712 0 29.7465876 106.55402006 255.9
18.00419836630004 -24.49620469047323 0 29.74659019 106.55404097 256.0
18.066108337857745 -24.486227852011123 0 29.74659028 106.55404161 256.0
18.128018309234438 -24.47625101344455 0 29.74659037 106.55404225 256.0
18.187993592562982 -24.46516565028678 0 29.74659047 106.55404287 256.0
18.24893624932338 -24.45518885018512 0 29.74659056 106.5540435 256.01
18.308911533068375 -24.445212013723836 0 29.74659065 106.55404412 256.01
20.100431288909984 -24.08937207566818 0 29.74659386 106.55406264 256.05
20.16137390791259 -24.076069648161734 0 29.74659398 106.55406327 256.05
20.22134918416426 -24.063875747932492 0 29.74659409 106.55406389 256.05
20.278422426690973 -24.049464799673263 0 29.74659422 106.55406448 256.05
20.335495670526857 -24.03616237743358 0 29.74659434 106.55406507 256.05
20.393536260443746 -24.023968479982972 0 29.74659445 106.55406567 256.05
22.00803182899927 -23.628221449130734 0 29.74659802 106.55408236 256.05
22.05639897730103 -23.614919035310493 0 29.74659814 106.55408286 256.05
22.10476612694188 -23.601616621687743 0 29.74659826 106.55408336 256.05
22.15313324040133 -23.588314169941853 0 29.74659838 106.55408386 256.04
22.204402420533672 -23.5761202766773 0 29.74659849 106.55408439 256.04
22.255671600219653 -23.56392638294262 0 29.7465986 106.55408492 256.04
22.307908126475166 -23.552841013586985 0 29.7465987 106.55408546 256.04
23.62639644067506 -23.182590372948983 0 29.74660204 106.55409909 256.02
23.671861557327112 -23.17039648454556 0 29.74660215 106.55409956 256.02
23.71829401656135 -23.158202594915263 0 29.74660226 106.55410004 256.02
23.764726477176843 -23.146008704198 0 29.74660237 106.55410052 256.02
23.85855870093021 -23.121620885018533 0 29.74660259 106.55410149 256.01
25.534963673305818 -22.659361480094738 0 29.74660676 106.55411882 255.97
25.60074302077298 -22.640516415158846 0 29.74660693 106.5541195 255.98
25.666522331136125 -22.622779839003115 0 29.74660709 106.55412018 255.98
25.71779149627658 -22.607260350870572 0 29.74660723 106.55412071 255.98
25.769060654865772 -22.589523807537567 0 29.74660739 106.55412124 255.98
25.81936247315901 -22.572895794269627 0 29.74660754 106.55412176 255.98
25.869664290921552 -22.556267779866065 0 29.74660769 106.55412228 255.98
27.762753848871697 -22.005325491784436 0 29.74661266 106.55414185 255.96
27.809186291455113 -21.989806004786672 0 29.7466128 106.55414233 255.96
27.85561873552871 -21.97539504391292 0 29.74661293 106.55414281 255.96
27.907855240089745 -21.960984068981553 0 29.74661306 106.55414335 255.96
27.960091741598326 -21.94546456769578 0 29.7466132 106.55414389 255.96
28.01329558277549 -21.92883653698324 0 29.74661335 106.55414444 255.96
29.526219211975786 -21.45549175553128 0 29.74661762 106.55416008 255.94
29.56781489469432 -21.44329781924616 0 29.74661773 106.55416051 255.93
29.607475934473317 -21.429995396192357 0 29.74661785 106.55416092 255.93
29.646169630650895 -21.416692975661334 0 29.74661797 106.55416132 255.93
29.68486332606226 -21.403390555592587 0 29.74661809 106.55416172 255.93
29.72162233860782 -21.391196665993565 0 29.7466182 106.5541621 255.93
29.75838135402482 -21.380111303857383 0 29.7466183 106.55416248 255.93
30.850510805055332 -21.081914512047412 0 29.74662099 106.55417377 255.87
30.88533514078541 -21.07415473066762 0 29.74662106 106.55417413 255.87
30.92015942947736 -21.0675034420767 0 29.74662112 106.55417449 255.86
30.99077540494478 -21.055309422489525 0 29.74662123 106.55417522 255.85
31.024632398955482 -21.048658168694615 0 29.74662129 106.55417557 255.85
32.22413719632953 -20.86907328490828 0 29.74662291 106.55418797 255.79
32.26476559778897 -20.864639061285423 0 29.74662295 106.55418839 255.79
32.3092633739441 -20.860204827505598 0 29.74662299 106.55418885 255.79
32.353761148132776 -20.855770592953693 0 29.74662303 106.55418931 255.79
32.397291529690854 -20.851336327204457 0 29.74662307 106.55418976 255.78
32.441789303879524 -20.846902092248254 0 29.74662311 106.55419022 255.78
33.764146942170804 -20.758215892384577 0 29.74662391 106.55420389 255.73
33.81057940888866 -20.755998699503042 0 29.74662393 106.55420437 255.73
33.8570118770721 -20.753781505391427 0 29.74662395 106.55420485 255.73
33.90344434652255 -20.752672838179514 0 29.74662396 106.55420533 255.73
33.948909470519375 -20.750455646753124 0 29.74662398 106.5542058 255.73
33.99437453969666 -20.748238422354444 0 29.746624 106.55420627 255.72
34.04080700721056 -20.74602122895269 0 29.74662402 106.55420675 255.72
36.21732847162286 -20.680611029095285 0 29.74662461 106.55422925 255.63
36.26376094004689 -20.679502352650374 0 29.74662462 106.55422973 255.63
36.31019340505647 -20.677285148833512 0 29.74662464 106.55423021 255.63
36.35662586984286 -20.675067944983738 0 29.74662466 106.55423069 255.63
36.40305833835124 -20.67395926758712 0 29.74662467 106.55423117 255.63
36.44852340718392 -20.67285055980469 0 29.74662468 106.55423164 255.62
38.25551997367114 -20.655107866832072 0 29.74662484 106.55425032 255.55
38.30775644037861 -20.653999128925697 0 29.74662485 106.55425086 255.54
38.3599929676538 -20.652890423315363 0 29.74662486 106.5542514 255.54
38.411262155538104 -20.652890247483832 0 29.74662486 106.55425193 255.54
38.46349868125103 -20.65178154083449 0 29.74662487 106.55425247 255.54
38.51573515158382 -20.651781328325104 0 29.74662487 106.55425301 255.53
38.56893902272578 -20.65067261813185 0 29.74662488 106.55425356 255.53
40.07702638285932 -20.635147647294527 0 29.74662502 106.55426915 255.44
40.1263608799083 -20.63403894341277 0 29.74662503 106.55426966 255.44
40.17762999864024 -20.63293020072826 0 29.74662504 106.55427019 255.43
40.22793184189672 -20.63293001980371 0 29.74662504 106.55427071 255.43
40.27823368541855 -20.63292983843622 0 29.74662504 106.55427123 255.43
40.32950287280714 -20.632929652890112 0 29.74662504 106.55427176 255.43
41.78632105626476 -20.616296142707277 0 29.74662519 106.55428682 255.35
41.84049220587288 -20.616295907577268 0 29.74662519 106.55428738 255.34
41.89466342010814 -20.616295704455595 0 29.74662519 106.55428794 255.34
41.94883463550146 -20.61629550102264 0 29.74662519 106.5542885 255.34
42.003005780494874 -20.61518673890351 0 29.7466252 106.55428906 255.33
42.05911168112458 -20.615186527227124 0 29.7466252 106.55428964 255.33
43.74809202579824 -20.598551820406183 0 29.74662535 106.5543071 255.23
43.80226323994198 -20.598551608111617 0 29.74662535 106.55430766 255.23
43.85643438463296 -20.598551362132884 0 29.74662535 106.55430822 255.22
43.910605594343 -20.597442623357974 0 29.74662536 106.55430878 255.22
43.96477680875209 -20.59744241062047 0 29.74662536 106.55430934 255.22
44.018947954154775 -20.597442164264628 0 29.74662536 106.5543099 255.21
44.07311916659741 -20.59744195075504 0 29.74662536 106.55431046 255.21
45.56282688291961 -20.591893050593445 0 29.74662541 106.55432586 255.12
45.6218348070165 -20.590784282964783 0 29.74662542 106.55432647 255.12
45.680842658144236 -20.589675483061654 0 29.74662543 106.55432708 255.11
45.73985059110852 -20.59078376839368 0 29.74662542 106.55432769 255.11
45.79789117697258 -20.590783530636845 0 29.74662542 106.55432829 255.11
45.853997005022975 -20.590783267382772 0 29.74662542 106.55432887 255.1
47.53233657647409 -20.605186770918582 0 29.74662529 106.55434622 255.0
47.58844247544799 -20.605186532001884 0 29.74662529 106.5543468 255.0
47.644548302942944 -20.606294786934733 0 29.74662528 106.55434738 254.99
47.70162154869722 -20.60740306961351 0 29.74662527 106.55434797 254.99
47.75676010988466 -20.608511360230167 0 29.74662526 106.55434854 254.99
47.81286600666893 -20.608511120508474 0 29.74662526 106.55434912 254.99
50.61138897702684 -20.752606725110482 0 29.74662396 106.55437805 254.84
50.6732989527482 -20.757040549304527 0 29.74662392 106.55437869 254.84
50.736176187791706 -20.76036581072478 0 29.74662389 106.55437934 254.83
50.800020844623255 -20.763691098871952 0 29.74662386 106.55438 254.83
50.86289816944113 -20.769233444847504 0 29.74662381 106.55438065 254.83
50.92577540873732 -20.773667231026437 0 29.74662377 106.5543813 254.82
50.98865265370962 -20.779209542827022 0 29.74662372 106.55438195 254.81
53.28512453394267 -20.96321363010412 0 29.74662206 106.55440569 254.64
53.34509974676446 -20.96875594198105 0 29.74662201 106.55440631 254.63
53.40507504152479 -20.974298287377465 0 29.74662196 106.55440693 254.63
53.46601760210402 -20.980949119625514 0 29.7466219 106.55440756 254.62
53.52599290227511 -20.987599991086526 0 29.74662184 106.55440818 254.62
53.58596819880854 -20.993142334334067 0 29.74662179 106.5544088 254.62
55.36491192546163 -21.17493156758274 0 29.74662015 106.55442719 254.5
55.4287565073009 -21.180473848373744 0 29.7466201 106.55442785 254.49
55.49260118091092 -21.187124689882978 0 29.74662004 106.55442851 254.49
55.55451116999625 -21.19377553925853 0 29.74661998 106.55442915 254.49
55.68026574450402 -21.20707719489363 0 29.74661986 106.55443045 254.48
57.50467519896232 -21.40327689591807 0 29.74661809 106.55444931 254.42
57.56465059926162 -21.411036304013283 0 29.74661802 106.55444993 254.43
57.62365846990333 -21.417687123564363 0 29.74661796 106.55445054 254.42
57.68266643068674 -21.424337975916437 0 29.7466179 106.55445115 254.42
57.74070704770004 -21.4309888339076 0 29.74661784 106.55445175 254.42
57.85678829490651 -21.446507600920697 0 29.7466177 106.55445295 254.42
59.3290857007198 -21.668205160117964 0 29.7466157 106.55446817 254.43
59.377452988720464 -21.675964619954318 0 29.74661563 106.55446867 254.44
59.42582018993939 -21.684832573233905 0 29.74661555 106.55446917 254.44
59.521587242207005 -21.701459957371135 0 29.7466154 106.55447016 254.44
59.56995443911874 -21.709219382338503 0 29.74661533 106.55447066 254.44
60.97744043361139 -21.953087733927575 0 29.74661313 106.55448521 254.49
61.03257904518362 -21.963064168515054 0 29.74661304 106.55448578 254.49
61.08771766462159 -21.974149129933487 0 29.74661294 106.55448635 254.49
61.14382362506716 -21.985234085460966 0 29.74661284 106.55448693 254.49
61.199929586936136 -21.99631904063852 0 29.74661274 106.55448751 254.49
61.257002885379 -22.00629546465767 0 29.74661265 106.5544881 254.49
62.94501892206704 -22.396487354891992 0 29.74660913 106.55450555 254.5
63.008863657319544 -22.412006362123858 0 29.74660899 106.55450621 254.5
63.07270839257205 -22.427525369760026 0 29.74660885 106.55450687 254.5
63.136553122317125 -22.441935849466827 0 29.74660872 106.55450753 254.5
63.20523455629706 -22.45412925071522 0 29.74660861 106.55450824 254.5
63.271981314855246 -22.468539714022832 0 29.74660848 106.55450893 254.5
63.33872807506003 -22.482950177013436 0 29.74660835 106.55450962 254.5
65.83544416268124 -23.075997247905775 0 29.746603 106.55453543 254.49
65.95249286051722 -23.104818239506386 0 29.74660274 106.55453664 254.49
66.0734109464869 -23.135856260604676 0 29.74660246 106.55453789 254.49
66.13338620721383 -23.150266710053092 0 29.74660233 106.55453851 254.48
66.19336157781893 -23.165785722423564 0 29.74660219 106.55453913 254.48
68.43082944358504 -23.72668637092909 0 29.74659713 106.55456226 254.44
68.4859680973587 -23.74109687383671 0 29.746597 106.55456283 254.44
68.54110674607128 -23.754398850093683 0 29.74659688 106.5545634 254.44
68.59721262860371 -23.767700783683125 0 29.74659676 106.55456398 254.43
68.65235127575403 -23.781002759709697 0 29.74659664 106.55456455 254.43
68.7074899246898 -23.794304735595283 0 29.74659652 106.55456512 254.43
70.55705176874478 -24.1235253078461 0 29.74659355 106.55458424 254.38
70.62186381167152 -24.13017605606086 0 29.74659349 106.55458491 254.38
70.68764307907443 -24.13571823238213 0 29.74659344 106.55458559 254.37
70.75342245758567 -24.14126044744205 0 29.74659339 106.55458627 254.37
70.81920183609688 -24.146802661289072 0 29.74659334 106.55458695 254.37
70.88401385071501 -24.149019303391473 0 29.74659332 106.55458762 254.37
72.66876092413567 -24.091364168362247 0 29.74659384 106.55460607 254.29
72.7335728649323 -24.082495536492107 0 29.74659392 106.55460674 254.29
72.79838481351032 -24.074735431191726 0 29.74659399 106.55460741 254.29
72.8622293041276 -24.066975293068033 0 29.74659406 106.55460807 254.28
72.9270412384819 -24.056998133612716 0 29.74659415 106.55460874 254.28
72.99088582831224 -24.047020981458054 0 29.74659424 106.5546094 254.28
73.05473028875112 -24.034826738718994 0 29.74659435 106.55461006 254.27
74.81238849211377 -23.520458611163562 0 29.74659899 106.55462823 254.18
74.8723634965337 -23.497179122396634 0 29.7465992 106.55462885 254.17
74.93233861057175 -23.472791143818554 0 29.74659942 106.55462947 254.17
74.99231372617207 -23.448403165066573 0 29.74659964 106.55463009 254.17
75.05132149680205 -23.42401519274082 0 29.74659986 106.5546307 254.17
76.73835953511073 -22.39861657993405 0 29.74660911 106.55464814 254.05
76.79156312982589 -22.358709271871938 0 29.74660947 106.55464869 254.05
76.84476659797886 -22.31769340237702 0 29.74660984 106.55464924 254.04
76.89700284195091 -22.276677574871904 0 29.74661021 106.55464978 254.04
76.94923909893411 -22.23787879949238 0 29.74661056 106.55465032 254.04
77.00244257347491 -22.197971455242005 0 29.74661092 106.55465087 254.03
78.48536828980204 -20.848884327332634 0 29.74662309 106.5546662 253.89
78.53180043820024 -20.804542954572568 0 29.74662349 106.55466668 253.89
78.57919992262927 -20.75909304993639 0 29.7466239 106.55466717 253.89
78.62466459669028 -20.71364312441524 0 29.74662431 106.55466764 253.88
78.66819470010984 -20.667084721186097 0 29.74662473 106.55466809 253.88
78.71172467863842 -20.620526283156938 0 29.74662515 106.55466854 253.87
78.75525478071889 -20.573967879326013 0 29.74662557 106.55466899 253.87
80.3513543517488 -18.547570339912625 0 29.74664385 106.55468549 253.74
80.37747223851676 -18.49657795069541 0 29.74664431 106.55468576 253.74
80.40359013203457 -18.44669408733598 0 29.74664476 106.55468603 253.74
80.42970789181858 -18.39570166842152 0 29.74664522 106.5546863 253.73
80.45389107571906 -18.342492240596663 0 29.7466457 106.55468655 253.73
80.47807425925753 -18.289282812562874 0 29.74664618 106.5546868 253.73
80.50225744283816 -18.236073383648925 0 29.74664666 106.55468705 253.73
80.96559531873734 -15.752971270504586 0 29.74666906 106.55469184 253.63
80.96366014373292 -15.685351191250943 0 29.74666967 106.55469182 253.63
80.96075763488732 -15.618839645891308 0 29.74667027 106.55469179 253.63
80.95688778259145 -15.552328107664158 0 29.74667087 106.55469175 253.63
80.95205058071055 -15.484708050087018 0 29.74667148 106.5546917 253.63
80.65216100967316 -13.398464353217124 0 29.7466903 106.5546886 253.76
80.59702203426181 -13.316433838527036 0 29.74669104 106.55468803 253.77
80.54285029338905 -13.236620348105324 0 29.74669176 106.55468747 253.77
80.48771120888503 -13.156806863498728 0 29.74669248 106.5546869 253.77
80.44127822275063 -13.07921036782075 0 29.74669318 106.55468642 253.77
80.39387791157563 -13.003830932119238 0 29.74669386 106.55468593 253.77
79.57646098221761 -10.969691563340495 0 29.74671221 106.55467748 253.91
79.55904845995603 -10.900963081702269 0 29.74671283 106.5546773 253.92
79.54066846413582 -10.831126064616244 0 29.74671346 106.55467711 253.92
79.52325593413501 -10.761289056740997 0 29.74671409 106.55467693 253.93
79.50487593070206 -10.69034351199039 0 29.74671473 106.55467674 253.93
79.4874633931852 -10.619397978719636 0 29.74671537 106.55467656 253.94
79.47101807299751 -10.548452420937732 0 29.74671601 106.55467639 253.94
79.00958200064332 -8.40567473626024 0 29.74673534 106.55467162 254.04
78.99700604793357 -8.33362062294004 0 29.74673599 106.55467149 254.04
78.98443010162399 -8.26267503485078 0 29.74673663 106.55467136 254.04
78.97088680621788 -8.1906209286187 0 29.74673728 106.55467122 254.04
78.95831086061999 -8.119675341365223 0 29.74673792 106.55467109 254.04
78.94476769723424 -8.048729774123384 0 29.74673856 106.55467095 254.05
78.55975008588241 -5.784013498686144 0 29.74675899 106.55466697 254.08
78.54814144097722 -5.706416745973629 0 29.74675969 106.55466685 254.08
78.53556546129593 -5.6299285266907235 0 29.74676038 106.55466672 254.08
78.52202210253822 -5.5478976830925735 0 29.74676112 106.55466658 254.08
78.50847874297213 -5.465866838815357 0 29.74676186 106.55466644 254.08
78.4959027175126 -5.382727462222688 0 29.74676261 106.55466631 254.08
78.1311975840242 -2.9905304466581466 0 29.74678419 106.55466254 254.03
78.12249107697366 -2.92845304044111 0 29.74678475 106.55466245 254.03
78.11378457806653 -2.867484160598475 0 29.7467853 106.55466236 254.03
78.10507795706792 -2.806515276489309 0 29.74678585 106.55466227 254.02
78.09733880796902 -2.7466549164338767 0 29.74678639 106.55466219 254.02
78.08863230936942 -2.685686036076747 0 29.74678694 106.5546621 254.02
78.07895847692859 -2.6258256888050293 0 29.74678748 106.554662 254.02
77.80325070983616 -0.5085425698870907 0 29.74680658 106.55465915 253.96
77.79647893443789 -0.45311630799363734 0 29.74680708 106.55465908 253.96
77.78873981942563 -0.3976900521034614 0 29.74680758 106.554659 253.96
77.78196792404117 -0.3422637897216805 0 29.74680808 106.55465893 253.95
77.77616361256786 -0.28683752117834116 0 29.74680858 106.55465887 253.96
77.47143471358088 2.0654529367343133 0 29.7468298 106.55465572 253.95
77.46272816803587 2.1341814987060923 0 29.74683042 106.55465563 253.95
77.45498910158676 2.2006930199994126 0 29.74683102 106.55465555 253.96
77.44725001020649 2.270530120800905 0 29.74683165 106.55465547 253.97
77.43080450367246 2.4079872625047383 0 29.74683289 106.5546553 253.99
77.18218691890749 4.310216623062399 0 29.74685005 106.55465273 254.17
77.17251310578975 4.368968446479885 0 29.74685058 106.55465263 254.17
77.16380674630607 4.428828809458404 0 29.74685112 106.55465254 254.18
77.15413293148721 4.487580634090916 0 29.74685165 106.55465244 254.18
77.1454264514445 4.547440990131538 0 29.74685219 106.55465235 254.18
76.87359262066444 6.2091199734653575 0 29.74686718 106.55464954 254.21
76.86488618896908 6.262329174056708 0 29.74686766 106.55464945 254.21
76.85521242482609 6.31442984023743 0 29.74686813 106.55464935 254.21
76.8465059931729 6.367639040091739 0 29.74686861 106.55464926 254.21
76.82812579630298 6.472948906767197 0 29.74686956 106.55464907 254.21
76.54371681168804 8.03818599818539 0 29.74688368 106.55464613 254.2
76.53404305810645 8.089178139206016 0 29.74688414 106.55464603 254.2
76.52436929713531 8.141278807049716 0 29.74688461 106.55464593 254.2
76.51372820286599 8.192270941090293 0 29.74688507 106.55464582 254.2
76.50405443263553 8.245480134260067 0 29.74688555 106.55464572 254.2
76.49438067219508 8.297580802585346 0 29.74688602 106.55464562 254.2
76.25447124004143 9.563516088908624 0 29.74689744 106.55464314 254.17
76.24479750442313 9.612291176746798 0 29.74689788 106.55464304 254.17
76.23512375985302 9.662174792042743 0 29.74689833 106.55464294 254.17
76.2264172448221 9.710949872189161 0 29.74689877 106.55464285 254.16
76.21674350181426 9.760833486446106 0 29.74689922 106.55464275 254.16
76.20706976650348 9.809608575607376 0 29.74689966 106.55464265 254.16
75.7862614242444 11.908045717778839 0 29.74691859 106.5546383 254.07
75.77658768534329 11.957929332830059 0 29.74691904 106.5546382 254.07
75.76691396144447 12.00559589501082 0 29.74691947 106.5546381 254.07
75.75627277805447 12.053262431227694 0 29.7469199 106.55463799 254.06
75.74563171324473 12.100928986461325 0 29.74692033 106.55463788 254.06
75.73499064874251 12.14859554220945 0 29.74692076 106.55463777 254.06
75.31514974658361 14.190497722950397 0 29.74693918 106.55463343 253.93
75.30450867132471 14.240381330570026 0 29.74693963 106.55463332 253.93
75.29386760524078 14.289156412316169 0 29.74694007 106.55463321 253.93
75.28419376625341 14.336822951202466 0 29.7469405 106.55463311 253.92
75.2745200393793 14.385598039493571 0 29.74694094 106.55463301 253.92
75.26581365172733 14.434373133130348 0 29.74694138 106.55463292 253.92
75.2561399159014 14.484256747666326 0 29.74694183 106.55463282 253.92
74.8885398417695 15.938640407709498 0 29.74695495 106.55462902 253.82
74.87402944924793 15.982981358223222 0 29.74695535 106.55462887 253.82
74.85758437602043 16.0273222950824 0 29.74695575 106.5546287 253.82
74.84307387419025 16.07055469439381 0 29.74695614 106.55462855 253.81
74.82953081389311 16.116004177733878 0 29.74695655 106.55462841 253.81
74.21719594115466 17.323184920866403 0 29.74696744 106.55462208 253.74
74.1910774769851 17.36752579465659 0 29.74696784 106.55462181 253.74
74.16495901379263 17.41186666926683 0 29.74696824 106.55462154 253.74
74.13787321169784 17.45620753542081 0 29.74696864 106.55462126 253.74
74.11175463239242 17.500548381771253 0 29.74696904 106.55462099 253.73
74.08370149730698 17.543780717062404 0 29.74696943 106.5546207 253.73
73.0999080797279 18.772020973340027 0 29.74698051 106.55461053 253.64
73.06024690862073 18.81081912986273 0 29.74698086 106.55461012 253.64
73.02252030780731 18.848508742547043 0 29.7469812 106.55460973 253.63
72.98382647030584 18.888415432174455 0 29.74698156 106.55460933 253.63
72.94319796687756 18.926105056118388 0 29.7469819 106.55460891 253.63
72.90256935803141 18.96268612400988 0 29.74698223 106.55460849 253.62
72.86097353061878 18.99815868931408 0 29.74698255 106.55460806 253.62
71.64405364880872 19.964785440903754 0 29.74699127 106.55459548 253.56
71.60149052579243 19.994715374626864 0 29.74699154 106.55459504 253.56
71.55796007759155 20.022428248923113 0 29.74699179 106.55459459 253.56
71.51346228420239 20.051249644642382 0 29.74699205 106.55459413 253.56
71.42640138218418 20.10778392018532 0 29.74699256 106.55459323 253.56
70.14757373310391 20.77289124608597 0 29.74699856 106.55458001 253.48
70.10017400593954 20.78951883989317 0 29.74699871 106.55457952 253.48
70.00634187559514 20.824991088168797 0 29.74699903 106.55457855 253.48
69.9589421478034 20.841618682954895 0 29.74699918 106.55457806 253.48
69.91057497871935 20.857137714231975 0 29.74699932 106.55457756 253.47
67.96041465345462 21.47457453369164 0 29.74700489 106.5545574 253.41
67.9159169835456 21.485659524348087 0 29.74700499 106.55455694 253.41
67.87141930775479 21.497853041512037 0 29.7470051 106.55455648 253.41
67.82692162470093 21.511155084905127 0 29.74700522 106.55455602 253.41
67.7814566018942 21.524457122470956 0 29.74700534 106.55455555 253.41
67.73599157931069 21.537759160003876 0 29.74700546 106.55455508 253.41
67.69149390333885 21.549952677676597 0 29.74700557 106.55455462 253.41
65.8042128802048 21.86697973494448 0 29.74700843 106.55453511 253.37
65.75681325489488 21.868087981314943 0 29.74700844 106.55453462 253.37
65.70844629152087 21.869196223055315 0 29.74700845 106.55453412 253.37
65.6600793277005 21.870304465265818 0 29.74700846 106.55453362 253.37
65.56431273865454 21.872520955202788 0 29.74700848 106.55453263 253.37
64.26130680527298 21.890249801477488 0 29.74700864 106.55451916 253.37
64.21390718647737 21.890249528478268 0 29.74700864 106.55451867 253.37
64.16747490151064 21.891357787742244 0 29.74700865 106.55451819 253.37
64.1191079380153 21.89246603617177 0 29.74700866 106.55451769 253.37
64.07170831423062 21.893574289548393 0 29.74700867 106.5545172 253.37
64.02430868919119 21.894682544882805 0 29.74700868 106.55451671 253.37
62.512357534492 21.924604220893503 0 29.74700895 106.55450108 253.38
62.46979461256616 21.92460398318802 0 29.74700895 106.55450064 253.38
62.427231685078375 21.925712270900956 0 29.74700896 106.5545002 253.38
62.38370140446973 21.929037606364783 0 29.74700899 106.55449975 253.38
62.34017113071995 21.93125441573686 0 29.74700901 106.5544993 253.38
62.29760829276204 21.933471264193393 0 29.74700903 106.55449886 253.39
62.253110680320816 21.93568806870138 0 29.74700905 106.5544984 253.39
57.13007934339764 22.706086635250042 0 29.747016 106.55444544 253.47
57.08461437315721 22.71273755924402 0 29.74701606 106.55444497 253.47
57.038182061951346 22.719388479035793 0 29.74701612 106.55444449 253.47
56.99271700236727 22.726039367976533 0 29.74701618 106.55444402 253.46
56.94725203101093 22.732690293347975 0 29.74701624 106.55444355 253.46
56.89985229221636 22.739341172752294 0 29.7470163 106.55444306 253.45
54.61015842588405 23.11290286969694 0 29.74701967 106.55441939 253.4
54.556954734269276 23.12177081819258 0 29.74701975 106.55441884 253.4
54.504718382769354 23.13063877271084 0 29.74701983 106.5544183 253.4
54.39734366245277 23.148374666700683 0 29.74701999 106.55441719 253.4
54.34220528868921 23.158351134641165 0 29.74702008 106.55441662 253.4
52.85443659897888 23.386700304219247 0 29.74702214 106.55440124 253.38
52.802200182468944 23.392242651277428 0 29.74702219 106.5544007 253.37
52.751898522340134 23.398893569878524 0 29.74702225 106.55440018 253.37
52.70159686750792 23.404435963022568 0 29.7470223 106.55439966 253.37
52.65032787282618 23.40997835179984 0 29.74702235 106.55439913 253.37
52.5980915410996 23.415520736838623 0 29.7470224 106.55439859 253.37
52.545855207991764 23.421063121194738 0 29.74702245 106.55439805 253.37
50.40706756856037 23.660494907431964 0 29.74702461 106.55437594 253.37
50.305496929895824 23.670471184521855 0 29.7470247 106.55437489 253.37
50.25326059473525 23.677122106234982 0 29.74702476 106.55437435 253.37
50.148787928009604 23.689315423802014 0 29.74702487 106.55437327 253.37
50.09655160236848 23.693749294028567 0 29.74702491 106.55437273 253.37
48.04966129126958 23.89327492942065 0 29.74702671 106.55435157 253.35
47.99742496434193 23.898817335040693 0 29.74702676 106.55435103 253.35
47.94422129631003 23.90435973703886 0 29.74702681 106.55435048 253.35
47.89295231710474 23.907685095626398 0 29.74702684 106.55434995 253.35
47.84168333678357 23.911010453569908 0 29.74702687 106.55434942 253.35
47.790414348366355 23.916552864967116 0 29.74702692 106.55434889 253.35
46.09563597437153 24.038483616672174 0 29.74702802 106.55433137 253.35
46.04533433453241 24.041808987737475 0 29.74702805 106.55433085 253.35
45.995032691001114 24.046242884505283 0 29.74702809 106.55433033 253.35
45.94473106063927 24.047351204012458 0 29.7470281 106.55432981 253.35
45.89539676519236 24.049568052730216 0 29.74702812 106.5543293 253.35
45.8450951259261 24.05289342475296 0 29.74702815 106.55432878 253.35
44.431812926276464 24.171500275519325 0 29.74702922 106.55431417 253.42
44.387315386636075 24.175934242013202 0 29.74702926 106.55431371 253.43
44.340883095046465 24.1814766870154 0 29.74702931 106.55431323 253.43
44.295418146552166 24.185910611151996 0 29.74702935 106.55431276 253.43
44.248018523600926 24.189236002225723 0 29.74702938 106.55431227 253.43
44.20158631449266 24.191452908472286 0 29.7470294 106.55431179 253.44
44.14934999722128 24.19477828026675 0 29.74702943 106.55431125 253.44
42.53292643442367 24.27347744037047 0 29.74703014 106.55429454 253.46
42.47391875398449 24.274585742188357 0 29.74703015 106.55429393 253.46
42.41491106944896 24.27680257025043 0 29.74703017 106.55429332 253.46
42.355903384690244 24.279019398345422 0 29.74703019 106.55429271 253.46
42.29496102618629 24.280127693754658 0 29.7470302 106.55429208 253.46
42.23305133370228 24.280127459893198 0 29.7470302 106.55429144 253.46
40.39317237601727 24.302291062699684 0 29.7470304 106.55427242 253.43
40.33416469632479 24.303399375899435 0 29.74703041 106.55427181 253.43
40.27418973597248 24.30561624996599 0 29.74703043 106.55427119 253.44
40.21324737919228 24.30672455717284 0 29.74703044 106.55427056 253.44
40.15327236399965 24.306724341403857 0 29.74703044 106.55426994 253.44
40.09233001001889 24.30672412263556 0 29.74703044 106.55426931 253.44
38.03576721068858 24.31225944583353 0 29.74703049 106.55424805 253.41
37.97192284060163 24.31225922863483 0 29.74703049 106.55424739 253.41
37.90807847100321 24.31225901184615 0 29.74703049 106.55424673 253.41
37.84229942267047 24.312258788747563 0 29.74703049 106.55424605 253.41
37.777487716679175 24.31115004352611 0 29.74703048 106.55424538 253.41
37.712676012292306 24.310041298550114 0 29.74703047 106.55424471 253.41
34.99735540063283 24.251280308699915 0 29.74702994 106.55421664 253.34
34.933511033747486 24.2501715832257 0 29.74702993 106.55421598 253.34
34.87063401068151 24.247954333637907 0 29.74702991 106.55421533 253.34
34.80582225000952 24.246845567845195 0 29.7470299 106.55421466 253.33
34.741010551093005 24.243519787328356 0 29.74702987 106.55421399 253.33
34.67619884696947 24.242411061036613 0 29.74702986 106.55421332 253.33
32.284936921458666 24.145961854557704 0 29.74702899 106.5541886 253.26
32.220125218552795 24.143744615058 0 29.74702897 106.55418793 253.26
32.155313520539316 24.14041885064293 0 29.74702894 106.55418726 253.26
32.09050177042866 24.13709304767219 0 29.74702891 106.55418659 253.25
32.0256900678303 24.134875809495583 0 29.74702889 106.55418592 253.25
31.898968686508773 24.128224290545667 0 29.74702883 106.55418461 253.25
30.31253285596695 24.05062289364983 0 29.74702813 106.55416821 253.21
30.246753817722418 24.047297137209412 0 29.7470281 106.55416753 253.21
30.180974782277325 24.042862856006742 0 29.74702806 106.55416685 253.21
30.115195698975473 24.038428534814436 0 29.74702802 106.55416617 253.2
29.984604960731495 24.031777027672117 0 29.74702796 106.55416482 253.2
27.99285411900445 23.882120535433344 0 29.74702661 106.55414423 253.12
27.92127105660326 23.874360674605008 0 29.74702654 106.55414349 253.12
27.849687948317005 23.867709300831272 0 29.74702648 106.55414275 253.11
27.702652428009102 23.851081007034473 0 29.74702633 106.55414123 253.1
27.629134692948668 23.841104090363842 0 29.74702624 106.55414047 253.1
27.556584251460826 23.832235664456988 0 29.74702616 106.55413972 253.09
25.480674995101424 23.526276984049645 0 29.7470234 106.55411826 252.94
25.415863267621106 23.51740859115496 0 29.74702332 106.55411759 252.93
25.35105158125473 23.507431709732263 0 29.74702323 106.55411692 252.93
25.285272555919224 23.49745482581902 0 29.74702314 106.55411624 252.93
25.219493490791287 23.48747790604505 0 29.74702305 106.55411556 252.92
25.153714463006033 23.478609549501606 0 29.74702297 106.55411488 252.92
23.19969010969192 23.191496782369178 0 29.74702038 106.55409468 252.84
23.138747776516738 23.18151992142824 0 29.74702029 106.55409405 252.84
23.076838066853963 23.171543023091342 0 29.7470202 106.55409341 252.83
23.015895731898574 23.162674689017155 0 29.74702012 106.55409278 252.83
22.952051381845823 23.152697823492623 0 29.74702003 106.55409212 252.83
22.888207027919904 23.143829484583655 0 29.74701995 106.55409146 252.83
20.909031819076304 22.829003889704264 0 29.74701711 106.554071 252.74
20.849056820181524 22.820135568268814 0 29.74701703 106.55407038 252.74
20.78908182092472 22.811267248659497 0 29.74701695 106.55406976 252.74
20.729106822458732 22.801290402966973 0 29.74701686 106.55406914 252.74
20.66913182746172 22.790205032009155 0 29.74701676 106.55406852 252.74
20.61012416841122 22.780228189549938 0 29.74701667 106.55406791 252.74
17.84546986903301 22.300231316464576 0 29.74701234 106.55403933 252.64
17.784527531144274 22.289145959580907 0 29.74701224 106.5540387 252.64
17.72358519293045 22.276952076374297 0 29.74701213 106.55403807 252.64
17.66167551493911 22.264758192973407 0 29.74701202 106.55403743 252.64
17.598798470816043 22.253672798217636 0 29.74701192 106.55403678 252.63
17.53592145234071 22.24258743923159 0 29.74701182 106.55403613 252.63
15.136921208062441 21.780328387931636 0 29.74700765 106.55401133 252.57
15.077913519887833 21.76813448720662 0 29.74700754 106.55401072 252.56
15.01697117948946 21.754832093222102 0 29.74700742 106.55401009 252.56
14.95699617326973 21.743746752999353 0 29.74700732 106.55400947 252.56
14.898955846605034 21.732661415995267 0 29.74700722 106.55400887 252.56
14.839948180470337 21.721576077694195 0 29.74700712 106.55400826 252.56
13.27672859464166 21.41672936447425 0 29.74700437 106.5539921 252.53
13.216753585248057 21.40564403436105 0 29.74700427 106.55399148 252.53
13.156778577193538 21.394558703241767 0 29.74700417 106.55399086 252.53
13.096803571432357 21.38125632195036 0 29.74700405 106.55399024 252.53
13.037795904067442 21.367953941383465 0 29.74700393 106.55398963 252.53
12.97878823524217 21.35576008659423 0 29.74700382 106.55398902 252.53
11.36236497385892 21.027634603886565 0 29.74700086 106.55397231 252.52
11.304324638976702 21.01654928560458 0 29.74700076 106.55397171 252.52
11.246284305475733 21.005463967600964 0 29.74700066 106.55397111 252.52
11.190178648278767 20.994378651040645 0 29.74700056 106.55397053 252.52
11.134072993821501 20.981076284242377 0 29.74700044 106.55396995 252.52
11.077000016240467 20.968882474341278 0 29.74700033 106.55396936 252.53
9.416079059354551 20.62634639275539 0 29.74699724 106.55395219 252.52
9.361908076101333 20.61636961407659 0 29.74699715 106.55395163 252.52
9.308704418528777 20.606392804090113 0 29.74699706 106.55395108 252.51
9.254533450483086 20.595307531358156 0 29.74699696 106.55395052 252.52
9.200362469257858 20.583113700851396 0 29.74699685 106.55394996 252.52
9.146191485600449 20.573136922309974 0 29.74699676 106.5539494 252.52
7.6680975096267785 20.2749423559009 0 29.74699407 106.55393412 252.53
7.612959187755838 20.2605314807036 0 29.74699394 106.55393355 252.53
7.556853525242693 20.2494461828418 0 29.74699384 106.55393297 252.53
7.500747861427403 20.237252359454203 0 29.74699373 106.55393239 252.53
7.444642197557608 20.22505853679004 0 29.74699362 106.55393181 252.53
7.386601856183569 20.21286471229974 0 29.74699351 106.55393121 252.53
7.32952885452731 20.199562363336618 0 29.74699339 106.55393062 252.53
7.21344816967917 20.17628324150327 0 29.74699318 106.55392942 252.53
7.157342504921887 20.165197946382797 0 29.74699308 106.55392884 252.53
7.100269502415075 20.15189559843149 0 29.74699296 106.55392825 252.53
7.043196499382798 20.139701777006334 0 29.74699285 106.55392766 252.53
5.037902614562636 19.6785539192996 0 29.74698869 106.55390693 252.54
4.985666302968581 19.66525158413229 0 29.74698857 106.55390639 252.54
4.933429992713608 19.651949249576095 0 29.74698845 106.55390585 252.54
4.881193680450012 19.63864691491183 0 29.74698833 106.55390531 252.54
4.828957368209219 19.627561632255148 0 29.74698823 106.55390477 252.54
4.776721055239145 19.615367824221508 0 29.74698812 106.55390423 252.54
2.444466326275934 19.01454593359944 0 29.7469827 106.55388012 252.52
2.389327991644684 19.000135084138943 0 29.74698257 106.55387955 252.52
2.334189654702526 18.98683276187221 0 29.74698245 106.55387898 252.52
2.279051319545811 18.973530438129266 0 29.74698233 106.55387841 252.52
2.2239129845525376 18.95911958968631 0 29.7469822 106.55387784 252.52
2.1697419877692856 18.94360021546889 0 29.74698206 106.55387728 252.52
0.7119617288865112 18.575569406514617 0 29.74697874 106.55386221 252.52
0.6616600857040233 18.563375617835657 0 29.74697863 106.55386169 252.52
0.6103911025032684 18.55007330318688 0 29.74697851 106.55386116 252.52
0.5600894592188737 18.53677098936496 0 29.74697839 106.55386064 252.52
0.5088204769951776 18.523468675131937 0 29.74697827 106.55386011 252.52
0.4565841545528371 18.511274887373894 0 29.74697816 106.55385957 252.52
0.40628251135277926 18.497972573695083 0 29.74697804 106.55385905 252.52
-0.886082838728536 18.16319784526602 0 29.74697502 106.55384569 252.55
-0.9373518255793551 18.14989553790458 0 29.7469749 106.55384516 252.55
-0.9866861331087868 18.134376178566345 0 29.74697476 106.55384465 252.55
-1.0882567684967008 18.104445986680393 0 29.74697449 106.5538436 252.55
-2.5412005893711185 17.564594047600707 0 29.74696962 106.55382858 252.54
-2.5915022434121293 17.541315013795494 0 29.74696941 106.55382806 252.54
-2.6418038980435776 17.516927454033 0 29.74696919 106.55382754 252.54
-2.6911382135916484 17.493648420300417 0 29.74696898 106.55382703 252.54
-2.7869048254078743 17.44487330175687 0 29.74696854 106.55382604 252.54
-3.7387670484399647 16.668905350099898 0 29.74696154 106.5538162 252.52
-3.760048522427339 16.635649552148585 0 29.74696124 106.55381598 252.51
-3.780362662282042 16.602393779707945 0 29.74696094 106.55381577 252.51
-3.8006768022386526 16.568029481720046 0 29.74696063 106.55381556 252.51
-3.820023604250591 16.532556657514753 0 29.74696031 106.55381536 252.51
-3.848076462951155 16.493758259673353 0 29.74695996 106.55381507 252.51
-3.8751619817405936 16.453851333225273 0 29.7469596 106.55381479 252.51
-4.52424726861187 15.17239547158303 0 29.74694804 106.55380808 252.47
-4.5523001376506524 15.121403289120915 0 29.74694758 106.55380779 252.47
-4.580353005206275 15.071519632080125 0 29.74694713 106.5538075 252.47
-4.63258938573596 14.97064379271464 0 29.74694622 106.55380696 252.47
-4.658707575817173 14.920760135420544 0 29.74694577 106.55380669 252.47
-5.807908198559415 12.616135143642111 0 29.74692498 106.55379481 252.43
-5.828222354804231 12.559600310694744 0 29.74692447 106.5537946 252.42
-5.847569179884486 12.504174024499683 0 29.74692397 106.5537944 252.42
-5.867883345526044 12.447639212243917 0 29.74692346 106.55379419 252.42
-5.887230171866278 12.391104398977419 0 29.74692295 106.55379399 252.42
-5.906576998568534 12.334569586728456 0 29.74692244 106.55379379 252.42
-6.169694688283504 9.972300876389646 0 29.74690113 106.55379107 252.37
-6.161956000973861 9.913548998887439 0 29.7469006 106.55379115 252.37
-6.154217312506146 9.854797120483614 0 29.74690007 106.55379123 252.37
-6.146478625196504 9.796045242172807 0 29.74689954 106.55379131 252.37
-6.137772597849228 9.736184836278587 0 29.746899 106.5537914 252.37
-6.129066570055592 9.676324432340035 0 29.74689846 106.55379149 252.37
-6.1203605418947 9.617572553178784 0 29.74689793 106.55379158 252.37
-5.882395763637527 7.988039340235121 0 29.74688323 106.55379404 252.39
-5.8640163306614514 7.930395982284194 0 29.74688271 106.55379423 252.39
-5.845636895755858 7.873861150497363 0 29.7468822 106.55379442 252.39
-5.826290130546724 7.816217804777488 0 29.74688168 106.55379462 252.4
-5.806943347679444 7.759682958969981 0 29.74688117 106.55379482 252.39
-5.389053160443577 6.229917030946946 0 29.74686737 106.55379914 252.45
-5.373575737518146 6.183358933571735 0 29.74686695 106.5537993 252.45
-5.358098313012883 6.137909362987469 0 29.74686654 106.55379946 252.45
-5.3416535575521085 6.090242749732872 0 29.74686611 106.55379963 252.46
-5.32714347402991 6.042576127012538 0 29.74686568 106.55379978 252.46
-5.31166604990424 5.996018030828763 0 29.74686526 106.55379994 252.46
-4.860886070945153 4.664678235156979 0 29.74685325 106.5538046 252.54
-4.841539286642631 4.608143403841364 0 29.74685274 106.5538048 252.54
-4.8212251583045935 4.552717097498806 0 29.74685224 106.55380501 252.54
-4.800911032342437 4.496182264249381 0 29.74685173 106.55380522 252.54
-4.781564245922356 4.438538907043755 0 29.74685121 106.55380542 252.54
-4.762217467029163 4.382004082427455 0 29.7468507 106.55380562 252.55
-4.740936000215756 4.325469249944783 0 29.74685019 106.55380584 252.55
-4.153760885399512 2.7436024914751336 0 29.74683592 106.55381191 252.56
-4.132479409782035 2.6903932380665156 0 29.74683544 106.55381213 252.56
-4.112165275052742 2.638292510827326 0 29.74683497 106.55381234 252.56
-4.091851138736589 2.5850832576208425 0 29.74683449 106.55381255 252.56
-4.0725043435564 2.5340910563535943 0 29.74683403 106.55381275 252.56
-4.053157549509682 2.4819903302510697 0 29.74683356 106.55381295 252.56
-3.5114472045098157 1.085247455963836 0 29.74682096 106.55381855 252.58
-3.4930677442957196 1.0364723088362278 0 29.74682052 106.55381874 252.58
-3.473720942711938 0.988805686281659 0 29.74682009 106.55381894 252.58
-3.45534148207608 0.9411390644208146 0 29.74681966 106.55381913 252.58
-3.4156805357165263 0.8446972949641018 0 29.74681879 106.55381954 252.58
-2.524760122720408 -1.2770216212462104 0 29.74679965 106.55382875 252.65
-2.5034786297057052 -1.324688242224307 0 29.74679922 106.55382897 252.65
-2.4821971413393493 -1.3734633919431363 0 29.74679878 106.55382919 252.66
-2.4609156482157104 -1.4222385381107157 0 29.74679834 106.55382941 252.66
-2.438666815079037 -1.4710136861248153 0 29.7467979 106.55382964 252.66
-1.6367413495921952 -3.2923219984963246 0 29.74678147 106.55383793 252.69
-1.6309373040505903 -3.3045157848321174 0 29.74678136 106.55383799 252.69
-1.62706794147326 -3.3144925200068807 0 29.74678127 106.55383803 252.69
-1.6231985776956899 -3.3244692535859084 0 29.74678118 106.55383807 252.69
-1.6154598487258809 -3.33777156655301 0 29.74678106 106.55383815 252.69
-1.6135251699143955 -3.343314200824483 0 29.74678101 106.55383817 252.7
-1.6638269208171559 -3.267934465030878 0 29.74678169 106.55383765 252.77
-1.665761603335069 -3.2657174127227795 0 29.74678171 106.55383763 252.77
-1.6676962851658717 -3.2623918343006775 0 29.74678174 106.55383761 252.77
-1.6696309676837844 -3.2601747823968776 0 29.74678176 106.55383759 252.77
-1.6715656496709994 -3.2579577296071984 0 29.74678178 106.55383757 252.77
-1.6735003344314738 -3.254632156141005 0 29.74678181 106.55383755 252.78
-1.7373448567348158 -3.1726012490792104 0 29.74678255 106.55383689 252.83
-1.739279539252729 -3.1703841971754105 0 29.74678257 106.55383687 252.83
-1.7421815642072485 -3.1670586237797247 0 29.7467826 106.55383684 252.84
-1.7441162465265805 -3.1637330453633488 0 29.74678263 106.55383682 252.84
-1.7470182693474752 -3.1604074667233752 0 29.74678266 106.55383679 252.84
-1.748952950979696 -3.155973362192995 0 29.7467827 106.55383677 252.84
-1.7712018004317605 -3.1271516929785292 0 29.74678296 106.55383654 252.86
-1.7731364823047318 -3.1238261150322817 0 29.74678299 106.55383652 252.86
-1.7750711645572959 -3.121609061876943 0 29.74678301 106.5538365 252.86
-1.7750711645572959 -3.121609061876943 0 29.74678301 106.5538365 252.86
-1.7750711644008832 -3.1205005370531187 0 29.74678302 106.5538365 252.86
-1.7750711644008832 -3.1205005370531187 0 29.74678302 106.5538365 252.86
-1.7750711644008832 -3.1205005370531187 0 29.74678302 106.5538365 252.86
-1.7750711645572959 -3.121609061876943 0 29.74678301 106.5538365 252.86
-1.7750711645572959 -3.121609061876943 0 29.74678301 106.5538365 252.86
-1.775071164755877 -3.12271758838952 0 29.746783 106.5538365 252.86
