# x y z qx qy qz qw 
0.0 0.0 0.0 29.74661867 106.55394481 252.04
0.0 0.0 0.0 29.74661867 106.55394481 252.04
0.0009673421903328434 -1.8432398096453022e-10 3.22544261617411e-10 29.74661867 106.55394482 252.04
0.0019346857619175015 -9.028294052030456e-11 1.5798402484227397e-10 29.74661867 106.55394483 252.04
0.002902027729070088 -2.4169249251710517e-10 4.229320901740635e-10 29.74661867 106.55394484 252.04
0.0038693696328143405 -0.001108526039397744 -0.009999999996387895 29.74661866 106.55394485 252.03
0.004836713427579256 -0.0011085259782711325 -0.010000000103351935 29.74661866 106.55394486 252.03
0.004836713427579256 -0.0011085259782711325 -0.010000000103351935 29.74661866 106.55394486 252.03
0.005804055108143251 -0.0022170521473621665 -0.020000000811313073 29.74661865 106.55394487 252.02
0.006771398679727909 -0.002217052053321126 -0.02000000097587331 29.74661865 106.55394488 252.02
0.007738740870060753 -0.002217052237645109 -0.020000000653329048 29.74661865 106.55394489 252.02
0.008706084038211635 -0.0011085260524985163 -0.020000000959581467 29.74661866 106.5539449 252.02
0.00967342616589261 -0.0011085263336930995 -0.03000000051512337 29.74661866 106.55394491 252.01
0.010640769738233734 -6.902269623909607e-10 -0.029999999873501722 29.74661867 106.55394492 252.01
0.011608111928566577 -8.745509420815534e-10 -0.02999999955095746 29.74661867 106.55394493 252.01
0.011608111928566577 -8.745509420815534e-10 -0.02999999955095746 29.74661867 106.55394493 252.01
0.012575453757635918 0.0011085259123824378 -0.029999999971742103 29.74661868 106.55394494 252.01
0.013542797594571106 0.0011085264493606445 -0.03000000091138782 29.74661868 106.55394495 252.01
0.014510139073192905 0.001108525887928355 -0.02999999992895047 29.74661868 106.55394496 252.01
0.01547748291088456 0.002217050761431017 -0.030000000755549167 29.74661869 106.55394497 252.01
0.01547748291088456 0.002217050761431017 -0.030000000755549167 29.74661869 106.55394497 252.01
-0.03579168015982365 0.0055426290291098 -0.03000000023223961 29.74661872 106.55394444 252.01
-0.2466723846064729 0.02660462246555123 -0.02000000636975311 29.74661891 106.55394226 252.02
-0.5465486148327308 0.0565348306628208 -0.02000002424363038 29.74661918 106.55393916 252.02
-0.7903189676292297 0.08313946414452283 -0.020000050733615386 29.74661942 106.55393664 252.02
-0.9615386159724026 0.09533326158669211 -0.0500000725807922 29.74661953 106.55393487 251.99
-1.1946681895973574 0.12637200543578633 -0.0900001140864772 29.74661981 106.55393246 251.95
-1.5109892174502624 0.22170526258025028 -0.13000018353892215 29.74662067 106.55392919 251.91
-1.8592325384262984 0.350294305060746 -0.1700002805672367 29.74662183 106.55392559 251.87
-2.1910310266034645 0.4944027167042629 -0.19000039567197383 29.74662313 106.55392216 251.85
-2.468658319038276 0.66954984927289 -0.19000051282118138 29.74662471 106.55391929 251.85
-2.6843756713802063 0.8480225500783675 -0.20000062132716845 29.74662632 106.55391706 251.84
-2.8604319747011977 1.0176270381799437 -0.21000072362079908 29.74662785 106.55391524 251.83
-3.0422923186069717 1.2149446745066406 -0.2200008411357376 29.74662963 106.55391336 251.82
-3.254140249902399 1.494293229661252 -0.2300010055377989 29.74663215 106.55391117 251.81
-3.433098526738443 1.7880526160777461 -0.23000117570277 29.7466348 106.55390932 251.81
-3.6052853912114147 2.0818120000638243 -0.24000135949430124 29.74663745 106.55390754 251.8
-3.7697334991324194 2.37889695736928 -0.2600015594912559 29.74664013 106.55390584 251.78
-4.036719795243812 2.8599972074336946 -0.3300019207113194 29.74664447 106.55390308 251.71
-4.229220724090906 3.2845626126222607 -0.40000225168231096 29.7466483 106.55390109 251.64
-4.3453016488735825 3.6337482531754324 -0.4300025191672454 29.74665145 106.55389989 251.61
-4.548443165500617 4.398631048801262 -0.5100031434553502 29.74665835 106.55389779 251.53
-4.630667082401852 4.760010451290224 -0.540003463426413 29.74666161 106.55389694 251.5
-4.766094594246326 5.512699396823652 -0.6400041720017393 29.7466684 106.55389554 251.4
-4.876371269939941 6.1168458838221795 -0.7200048082265491 29.74667385 106.5538944 251.32
-4.999223518806284 6.473791174526804 -0.7600052573496208 29.74667707 106.55389313 251.28
-5.090153238217532 7.312945102215438 -0.8200062407665731 29.74668464 106.55389219 251.22
-5.124977320803279 7.7563553569958845 -0.8500067924592898 29.74668864 106.55389183 251.19
-5.163670530576438 8.624330879013737 -0.9300079441854345 29.74669647 106.55389143 251.11
-5.17818017384417 9.47346138750584 -1.0400091664068203 29.74670413 106.55389128 251.0
-5.169473635876797 10.298204308927474 -1.140010441434958 29.74671157 106.55389137 250.9
-5.1578650861903315 11.168396826005537 -1.2000119044648159 29.74671942 106.55389149 250.84
-5.1288443687654 12.072953593665822 -1.2700135356196238 29.74672758 106.55389179 250.77
-5.108529968437111 12.504169971361618 -1.3100143533178654 29.74673147 106.553892 250.73
-5.055325765573593 13.375470995000285 -1.3500160844218572 29.74673933 106.55389255 250.69
-5.026305324503425 13.823315326635882 -1.350017021058675 29.74674337 106.55389285 250.69
-4.968264501958143 14.563810361191326 -1.3700186304071797 29.74675005 106.55389345 250.67
-4.940211279948871 15.247770576294808 -1.4000202146250134 29.74675622 106.55389374 250.64
-4.913125398306668 15.98050596148951 -1.410021994725703 29.74676283 106.55389402 250.63
-4.863790722585824 16.678877147020017 -1.3800237529086745 29.74676913 106.55389453 250.66
-4.64807339682525 17.478124238217287 -1.3000257400775945 29.74677634 106.55389676 250.74
-4.408172629347046 18.136588589245477 -1.2200274162991596 29.74678228 106.55389924 250.82
-4.2234103239585465 18.597735124980005 -1.2400286266954392 29.74678644 106.55390115 250.8
-4.313373065729941 18.443650009500892 -1.270028238167117 29.74678505 106.55390022 250.77
-4.4420294692480145 18.266285929718194 -1.2800278126786813 29.74678345 106.55389889 250.76
-4.433323284160623 18.560045217360827 -1.2800286584241212 29.7467861 106.55389898 250.76
-4.427519222888419 18.564479259195412 -1.3000286660431213 29.74678614 106.55389904 250.74
-4.431388588603088 18.524572279166136 -1.3200285540670542 29.74678578 106.553899 250.72
-4.427519219974236 18.536766060504835 -1.3200285870102073 29.74678589 106.55389904 250.72
-4.435257911847419 18.592192285414196 -1.3400287532689994 29.74678639 106.55389896 250.7
-4.422682479653053 18.541200014931206 -1.3700285957357536 29.74678593 106.55389909 250.67
-4.660648507462868 18.146565022425502 -1.3600276252696197 29.74678237 106.55389663 250.68
-4.931504238102429 17.55461251717378 -1.3400261650871297 29.74677703 106.55389383 250.7
-5.025336376683106 17.42713214135093 -1.330025887290594 29.74677588 106.55389286 250.71
-5.168503028065473 17.077946717163908 -1.3000250523910752 29.74677273 106.55389138 250.74
-5.240086330699873 16.96709424274367 -1.2800248158201066 29.74677173 106.55389064 250.76
-5.287486030320553 16.990373302062387 -1.2800249157125485 29.74677194 106.55389015 250.76
-5.328114339606994 17.03803995073575 -1.2700250774454984 29.74677237 106.55388973 250.77
-5.360036578741718 17.083489544468858 -1.2600252256221305 29.74677278 106.5538894 250.78
-5.436456493177953 17.120070899608642 -1.270025389951785 29.74677311 106.55388861 250.77
-5.459672678387012 17.118962385224556 -1.2700254065418548 29.7467731 106.55388837 250.77
-5.548668039367072 17.14224146644959 -1.2700255457061695 29.74677331 106.55388745 250.77
-5.634761394744405 17.167737653913903 -1.250025690492433 29.74677354 106.55388656 250.79
-5.637663333303058 17.404962249525834 -1.2100263377850649 29.74677568 106.55388653 250.83
-5.533190323215026 17.84282993637385 -1.1700274614729942 29.74677963 106.55388761 250.87
-5.357134073117945 18.28402311589316 -1.150028566342555 29.74678361 106.55388943 250.89
-5.149155550958721 18.74738670931157 -1.1600297453069635 29.74678779 106.55389158 250.88
-4.950850461694666 19.178603037190967 -1.180030875547196 29.74679168 106.55389363 250.86
-4.896679221483038 19.528897117177273 -1.180031901755168 29.74679484 106.55389419 250.86
-4.961491096686695 19.48899031449661 -1.1500318295854228 29.74679448 106.55389352 250.89
-5.058225170832522 19.42026161378186 -1.2000316944532816 29.74679386 106.55389252 250.84
-5.060159839931237 19.430238316188312 -1.210031726338885 29.74679395 106.5538925 250.83
-5.064996533123581 19.436889440547457 -1.2200317506867417 29.74679401 106.55389245 250.82
-5.081441358202098 19.40474226603193 -1.200031665887387 29.74679372 106.55389228 250.84
-5.085310707167496 19.419153070448658 -1.2100317129907037 29.74679385 106.55389224 250.83
-5.087245388393039 19.42026159677245 -1.2100317182321767 29.74679386 106.55389222 250.83
-5.0891800594432715 19.423587144225223 -1.2200317285920885 29.74679389 106.5538922 250.82
-5.120135048195588 19.228486615882325 -1.2300311610056482 29.74679213 106.55389188 250.81
-5.133677871450856 19.09878909226172 -1.2400307804634139 29.74679096 106.55389174 250.8
-5.145286033644894 18.941378458159747 -1.240030318367796 29.74678954 106.55389162 250.8
-5.151090145281704 18.780642212865317 -1.2500298452162815 29.74678809 106.55389156 250.79
-5.13948214728962 18.542309139524086 -1.2700291368432914 29.74678594 106.55389168 250.77
-5.136580149577546 18.489099907640014 -1.2700289791296937 29.74678546 106.55389171 250.77
-5.1356127982380775 18.46027815354641 -1.3000288928209063 29.7467852 106.55389172 250.74
-5.127874067023635 18.432564950962558 -1.3200288079137632 29.74678495 106.5538918 250.72
-5.120135391648467 18.321712385731537 -1.320028479165262 29.74678395 106.55389188 250.72
-5.082409257271932 17.96587564448611 -1.3200274330716022 29.74678074 106.55389227 250.72
-5.085311255761919 17.969201138217937 -1.3500274433737198 29.74678077 106.55389224 250.69
-5.121102793301997 18.04790633129432 -1.4000276975112351 29.74678148 106.55389187 250.64
-5.1443189246933745 18.106658112869063 -1.430027881804186 29.74678201 106.55389163 250.61
-5.153024962678611 18.136588252206295 -1.4500279754274565 29.74678228 106.55389154 250.59
-5.096919082204296 18.391549141199796 -1.4400286632896142 29.74678458 106.55389212 250.6
-4.884103924488949 18.87375786048606 -1.3800299109034837 29.74678893 106.55389432 250.66
-4.890875365211402 18.78285882228632 -1.3600296456202337 29.74678811 106.55389425 250.68
-4.9818054395403655 18.775099301945314 -1.3200296956841981 29.74678804 106.55389331 250.72
-5.025335743295633 18.8526961148984 -1.3200299589753328 29.74678874 106.55389286 250.72
-5.063062003397412 18.929184399547395 -1.3200302163752813 29.74678943 106.55389247 250.72
-5.089180208829902 18.9203162064927 -1.3200302107598736 29.74678935 106.5538922 250.72
-5.11723305863773 18.979068047760226 -1.330030407437632 29.74678988 106.55389191 250.71
-5.2168690934391835 19.135370205765973 -1.3300309568764446 29.74679129 106.55389088 250.71
-5.266203426799098 19.2196181456139 -1.3400312527066651 29.74679205 106.55389037 250.7
-5.287484919036917 19.23292046320094 -1.3400313110735933 29.74679217 106.55389015 250.7
-5.368741484981374 19.363726525175718 -1.3400317761448477 29.74679335 106.55388931 250.7
-5.481920272751379 19.541090678661327 -1.3400324151187473 29.74679495 106.55388814 250.7
-5.579621617303188 19.708478126303294 -1.3300330171308996 29.74679646 106.55388713 250.71
-5.698604591899126 19.77055593183174 -1.230033314766354 29.74679702 106.5538859 250.81
-5.7759918688573 19.830416513219895 -1.1800335704826246 29.74679756 106.5538851 250.86
-5.816620148469065 19.913555989006994 -1.1700338676299697 29.74679831 106.55388468 250.87
-5.84177094534185 19.998912413711604 -1.1900341600063236 29.74679908 106.55388442 250.85
-5.845640263099643 20.051013057615346 -1.2100343276284864 29.74679955 106.55388438 250.83
-5.851444232884003 20.141912068434728 -1.2400346210672453 29.74680037 106.55388432 250.8
-5.87369296857524 20.352531983074194 -1.2300353128270594 29.74680227 106.55388409 250.81
-5.8572480056966025 20.65848501920921 -1.240036285188049 29.74680503 106.55388426 250.8
-5.873692711256828 20.82476387269776 -1.240036843087088 29.74680653 106.55388409 250.8
-5.898843498189457 20.975523405365053 -1.230037362244742 29.74680789 106.55388383 250.81
-5.91722290627502 21.081941843455027 -1.2400377313305508 29.74680885 106.55388364 250.8
-5.942373696211065 21.190577335771724 -1.250038115539633 29.74680983 106.55388338 250.79
-6.010087465704434 21.351313622714795 -1.2400387178823653 29.74681128 106.55388268 250.8
-6.045879040551931 21.404522873077294 -1.2400389304554231 29.74681176 106.55388231 250.8
-6.05168306638751 21.42115072611279 -1.2500389913154706 29.74681191 106.55388225 250.79
-6.054585091043192 21.41560809966154 -1.2500389750895096 29.74681186 106.55388222 250.79
-6.031368927949373 21.376809656471 -1.260038822887772 29.74681151 106.55388246 250.78
-6.008152779710923 21.324708939740162 -1.260038626467015 29.74681104 106.5538827 250.78
-5.9800999291627726 21.253763250223667 -1.2700383633848897 29.7468104 106.55388299 250.77
-6.0197608906187 21.228267114815054 -1.2900383134437714 29.74681017 106.55388258 250.75
-5.995577400902183 21.144019087702162 -1.3100380105240763 29.74680941 106.55388283 250.73
-5.953014469355898 21.019864161758356 -1.3200375592537608 29.74680829 106.55388327 250.72
-5.952047142921025 20.994368071871172 -1.320037474374832 29.74680806 106.55388328 250.72
-5.953014482837386 20.994368072202207 -1.3200374749540966 29.74680806 106.55388327 250.72
-5.953981823146362 20.99325954713482 -1.3200374719111867 29.74680805 106.55388326 250.72
-5.953981823146362 20.99325954713482 -1.3200374719111867 29.74680805 106.55388326 250.72
-5.954949165463962 20.992151022767967 -1.320037469155599 29.74680804 106.55388325 250.72
-5.954949166079761 20.991042496998162 -1.3200374658220664 29.74680803 106.55388325 250.72
-5.954949167172518 20.988825445282544 -1.3200374569699527 29.74680801 106.55388325 250.72
-5.954949167172518 20.988825445282544 -1.3200374569699527 29.74680801 106.55388325 250.72
-5.954949159014037 20.986608360840684 -1.3300374500253458 29.74680799 106.55388325 250.71
-5.954949159014037 20.986608360840684 -1.3300374500253458 29.74680799 106.55388325 250.71
-5.955916499950386 20.985499835943592 -1.3300374482189508 29.74680798 106.55388324 250.71
-5.956883841863794 20.98439131063076 -1.330037444746532 29.74680797 106.55388323 250.71
-5.956883841863794 20.98439131063076 -1.330037444746532 29.74680797 106.55388323 250.71
-5.957851181961166 20.984391311470556 -1.3300374462160747 29.74680797 106.55388322 250.71
-5.957851181961166 20.984391311470556 -1.3300374462160747 29.74680797 106.55388322 250.71
-5.958818523481957 20.984391311556138 -1.3300374463658304 29.74680797 106.55388321 250.71
-5.958818523481957 20.984391311556138 -1.3300374463658304 29.74680797 106.55388321 250.71
-5.959785863356147 20.98439131236302 -1.3300374477777765 29.74680797 106.5538832 250.71
-5.960753205450567 20.98328278796325 -1.3300374449645922 29.74680796 106.55388319 250.71
-5.96268788489067 20.98439131361943 -1.330037449976336 29.74680797 106.55388317 250.71
-5.96268788489067 20.98439131361943 -1.330037449976336 29.74680797 106.55388317 250.71
-5.963655226369292 20.98439131418086 -1.3300374509587751 29.74680797 106.55388316 250.71
-5.966557238960098 20.984391282196544 -1.3400374532260297 29.74680797 106.55388313 250.7
-5.970426601931072 20.984391284490236 -1.3400374572397098 29.74680797 106.55388309 250.7
-5.970426601931072 20.984391284490236 -1.3400374572397098 29.74680797 106.55388309 250.7
-5.970426601931072 20.984391284490236 -1.3400374572397098 29.74680797 106.55388309 250.7
-5.970426601931072 20.984391284490236 -1.3400374572397098 29.74680797 106.55388309 250.7
-5.971393941624251 20.984391284788355 -1.3400374577613778 29.74680797 106.55388308 250.7
-5.971393941624251 20.984391284788355 -1.3400374577613778 29.74680797 106.55388308 250.7
-5.972361282668086 20.985499811224052 -1.3400374631986693 29.74680798 106.55388307 250.7
-5.977197980767873 20.994368018970306 -1.3400374973380558 29.74680806 106.55388302 250.7
-5.96268794006604 20.933399233950936 -1.3000372806838225 29.74680751 106.55388317 250.74
-5.964622688751007 20.895709528209103 -1.250037159382046 29.74680717 106.55388315 250.79
-5.927863740202168 20.88462421906992 -1.260037089574288 29.74680707 106.55388353 250.78
-5.923994405490523 20.86577934775358 -1.24003702388708 29.7468069 106.55388357 250.8
-5.910451660794298 20.836957706552692 -1.2300369162609606 29.74680664 106.55388371 250.81
-5.8959415553889345 20.825872442574116 -1.2300368672428288 29.74680654 106.55388386 250.81
-5.850476564599868 20.801484886899576 -1.2200367441125426 29.74680632 106.55388433 250.82
-5.844672529555224 20.78485699944909 -1.2200366850204531 29.74680617 106.55388439 250.82
-5.801142261678033 20.644074188763945 -1.230036187845398 29.7468049 106.55388484 250.81
-5.764383481707818 20.32038468240135 -1.2300351096618751 29.74680198 106.55388522 250.81
-5.821456770831808 19.94681154042646 -1.240033977060083 29.74679861 106.55388463 250.8
-5.946243872226467 19.66302901309861 -1.250033207282943 29.74679605 106.55388334 250.79
-6.101018511396699 19.44132393897949 -1.26003267095121 29.74679405 106.55388174 250.78
-6.338984524627214 19.187471792481155 -1.2300321299062302 29.74679176 106.55387928 250.81
-6.678521239284351 19.001239593546057 -1.2600319154999076 29.74679008 106.55387577 250.78
-7.14381225285651 18.884844660070918 -1.270032074022354 29.74678903 106.55387096 250.77
-7.634254021506177 18.936945659676276 -1.280032797395978 29.7467895 106.55386589 250.76
-8.050210435397478 19.16751931215804 -1.2700339985682305 29.74679158 106.55386159 250.77
-8.310424928630452 19.4424338893661 -1.2600351671886685 29.74679406 106.5538589 250.78
-8.524207061506234 19.686309689738877 -1.2600362002173444 29.74679626 106.55385669 250.78
-8.695426235465323 19.873650653970028 -1.2600370146218118 29.74679795 106.55385492 250.78
-8.825049781404013 20.042146682804084 -1.2500377225807942 29.74679947 106.55385358 250.79
-8.980791495092536 20.245007030221117 -1.24003858340164 29.7468013 106.55385197 250.8
-9.147173915857785 20.47447197183994 -1.2400395550039036 29.74680337 106.55385025 250.8
-9.330968442760586 20.72721596897234 -1.2400406404875373 29.74680565 106.55384835 250.8
-9.522501683372283 20.983285553592264 -1.2400417641059427 29.74680796 106.55384637 250.8
-9.721773660716615 21.217184634005356 -1.2400428415719524 29.74681007 106.55384431 250.8
-9.896862133565277 21.39344029688619 -1.260043701206028 29.74681166 106.5538425 250.78
-9.953935127730677 21.52757198322015 -1.2500442444837851 29.74681287 106.55384191 250.79
-10.032289600255002 21.67722304925616 -1.2400448759938048 29.74681422 106.5538411 250.8
-10.159978411806332 21.86012992897521 -1.2300457048140832 29.74681587 106.55383978 250.81
-10.337968869916722 22.09181195188494 -1.2300467923942815 29.74681796 106.55383794 250.81
-10.485004492707592 22.248114203476124 -1.2300475769236368 29.74681937 106.55383642 250.81
-10.48984115813057 22.288021130998622 -1.2300477247532964 29.74681973 106.55383637 250.81
-10.467592329904003 22.28247848215028 -1.2300476693351854 29.74681968 106.5538366 250.81
-10.42502937318616 22.251439724767664 -1.2300474917154371 29.7468194 106.55383704 250.81
-10.3814990749046 22.221509491707547 -1.2300473148966145 29.74681913 106.55383749 250.81
-10.334099420205273 22.18603662818809 -1.2300471148381664 29.74681881 106.55383798 250.81
-10.257679574445449 22.120633543919904 -1.2300467632583878 29.74681822 106.55383877 250.81
-10.194802469699782 22.066315695310163 -1.2400464731299525 29.74681773 106.55383942 250.8
-10.133860060353191 22.013106408886742 -1.2400461918236036 29.74681725 106.55384005 250.8
-10.05066882410429 21.96987386840283 -1.2300459105552903 29.74681686 106.55384091 250.81
-10.027452655515 21.964331219157632 -1.2300458544427233 29.74681681 106.55384115 250.81
-10.025517973100031 21.96543974308899 -1.2300458554977247 29.74681682 106.55384117 250.81
-10.022615950768701 21.966548266689315 -1.2300458559734633 29.74681683 106.5538412 250.81
-10.02164860849327 21.96765679138892 -1.2300458574342805 29.74681684 106.55384121 250.81
-10.02164860933225 21.966548265652033 -1.2300458541583428 29.74681683 106.55384121 250.81
-10.02068126945806 21.96654826484515 -1.2300458527463984 29.74681683 106.55384122 250.81
-10.019713928244789 21.96654826384078 -1.2300458509888745 29.74681683 106.55384123 250.81
-10.017779246934147 21.966548261996614 -1.2300458477618097 29.74681683 106.55384125 250.81
-10.016811906348245 21.96654826156684 -1.230045847009757 29.74681683 106.55384126 250.81
-10.014877225526135 21.96654825931265 -1.230045843065204 29.74681683 106.55384128 250.81
-10.012942559715778 21.966548291924923 -1.220045839081239 29.74681683 106.5538413 250.82
-10.007138514414173 21.967656813015186 -1.2200458342261502 29.74681684 106.55384136 250.82
-10.002301812184053 21.96765680807703 -1.2200458255849895 29.74681684 106.55384141 250.82
-10.001334472086683 21.967656807237233 -1.2200458241154486 29.74681684 106.55384142 250.82
-10.000367130608062 21.967656806675805 -1.2200458231330096 29.74681684 106.55384143 250.82
-10.000367130608062 21.967656806675805 -1.2200458231330096 29.74681684 106.55384143 250.82
-9.99939979134967 21.96654828009912 -1.2200458183875345 29.74681683 106.55384144 250.82
-9.99939979134967 21.96654828009912 -1.2200458183875345 29.74681683 106.55384144 250.82
-9.998432452621978 21.965439753040858 -1.2200458118608388 29.74681682 106.55384145 250.82
-9.997465111143358 21.965439752479426 -1.2200458108784016 29.74681682 106.55384146 250.82
-9.996497772150315 21.964331225864107 -1.2200458051267944 29.74681681 106.55384147 250.82
-9.996497772150315 21.964331225864107 -1.2200458051267944 29.74681681 106.55384147 250.82
-9.995530430713863 21.96433122482682 -1.220045803311674 29.74681681 106.55384148 250.82
-9.995530431691682 21.96322270047885 -1.2200458015276539 29.7468168 106.55384148 250.82
-9.995530431691682 21.96322270047885 -1.2200458015276539 29.7468168 106.55384148 250.82
-9.995530432615002 21.96211417419456 -1.2200457963553077 29.74681679 106.55384148 250.82
-9.995530432615002 21.96211417419456 -1.2200457963553077 29.74681679 106.55384148 250.82
-9.995530433719331 21.961005648014737 -1.220045792304287 29.74681678 106.55384148 250.82
-9.99553043455831 21.95989712268215 -1.2200457887973055 29.74681677 106.55384148 250.82
-9.995530435843648 21.958788597415392 -1.2200457854055173 29.74681676 106.55384148 250.82
-9.994563096850607 21.95768007080007 -1.2200457796539101 29.74681675 106.55384149 250.82
-9.994563096850607 21.95768007080007 -1.2200457796539101 29.74681675 106.55384149 250.82
-9.994563097731756 21.95657154539593 -1.2200457750832019 29.74681674 106.55384149 250.82
-9.993595757580643 21.95546301868759 -1.2200457701073404 29.74681673 106.5538415 250.82
-9.992628418322251 21.954354491706603 -1.2200457655929053 29.74681672 106.55384151 250.82
-9.992628419203399 21.953245965898162 -1.2200457612532425 29.74681671 106.55384151 250.82
-9.992628420223387 21.952137441882947 -1.2200457581744502 29.7468167 106.55384151 250.82
-9.991661079933436 21.951028914189983 -1.2200457514756273 29.74681669 106.55384152 250.82
-9.991661079933436 21.951028914189983 -1.2200457514756273 29.74681669 106.55384152 250.82
-9.990693741121405 21.949920388083427 -1.2200457466142982 29.74681668 106.55384153 250.82
-9.990693742002552 21.94881186227499 -1.2200457422746336 29.74681667 106.55384153 250.82
-9.990693742002552 21.94881186227499 -1.2200457422746336 29.74681667 106.55384153 250.82
-9.989726403583138 21.946594809961418 -1.2200457342532207 29.74681665 106.55384154 250.82
-9.989726403583138 21.946594809961418 -1.2200457342532207 29.74681665 106.55384154 250.82
-9.98875906153089 21.947703334693937 -1.2200457357716346 29.74681666 106.55384155 250.82
-9.984889699748585 21.946594805268717 -1.220045726041569 29.74681665 106.55384159 250.82
-9.980052996987762 21.946594801216435 -1.220045718950578 29.74681665 106.55384164 250.82
-9.977150975579752 21.946594798532473 -1.2200457142539722 29.74681665 106.55384167 250.82
-9.9732816299251 21.945486303733986 -1.2100457050035214 29.74681664 106.55384171 250.83
-9.97037960825174 21.945486301492963 -1.2100457010819987 29.74681664 106.55384174 250.83
-9.968444926941098 21.945486299648795 -1.2100456978549357 29.74681664 106.55384176 250.83
-9.965542904151835 21.945486297243193 -1.2100456936454336 29.74681664 106.55384179 250.83
-9.963608224180277 21.945486295596517 -1.2100456907639447 29.74681664 106.55384181 250.83
-9.964575565158794 21.944377771032173 -1.2100456876627792 29.74681663 106.5538418 250.83
-9.965542905914132 21.943269246434916 -1.210045684504017 29.74681662 106.55384179 250.83
-9.965542905914132 21.943269246434916 -1.210045684504017 29.74681662 106.55384179 250.83
-9.966510248678093 21.942160721325294 -1.2100456823257115 29.74681661 106.55384178 250.83
-9.966510248678093 21.942160721325294 -1.2100456823257115 29.74681661 106.55384178 250.83
-9.967477589614441 21.941052196428203 -1.2100456805193165 29.7468166 106.55384177 250.83
-9.967477589614441 21.941052196428203 -1.2100456805193165 29.7468166 106.55384177 250.83
-9.96844493193204 21.939943672061347 -1.2100456777637287 29.74681659 106.55384176 250.83
-9.968444947390154 21.93994370658934 -1.200045678070552 29.74681659 106.55384176 250.84
-9.969412288368673 21.9388351816207 -1.2000456752004318 29.74681658 106.55384175 250.84
-9.969412288368673 21.9388351816207 -1.2000456752004318 29.74681658 106.55384175 250.84
-9.969412289207652 21.937726656288113 -1.2000456716934522 29.74681657 106.55384175 250.84
-9.970379630909454 21.93772665688246 -1.200045672733486 29.74681657 106.55384174 250.84
-9.97037963197161 21.936618130774185 -1.2000456697461885 29.74681656 106.55384174 250.84
-9.970379632852762 21.93550960537005 -1.200045665175482 29.74681655 106.55384174 250.84
-9.970379633957089 21.934401079594522 -1.2000456608934158 29.74681654 106.55384174 250.84
-9.97134697383128 21.934401080401408 -1.2000456623053601 29.74681654 106.55384173 250.84
-9.971346974893438 21.933292554697434 -1.2000456590870225 29.74681653 106.55384173 250.84
-9.971346975732416 21.93218402896055 -1.2000456558110866 29.74681652 106.55384173 250.84
-9.972314318315366 21.931075503746452 -1.2000456525114576 29.74681651 106.55384172 250.84
-9.972314319377524 21.92996697885108 -1.2000456488310256 29.7468165 106.55384172 250.84
-9.972314320216503 21.928858452709896 -1.200045645786135 29.74681649 106.55384172 250.84
-9.972314321320832 21.927749926934368 -1.2000456415040688 29.74681648 106.55384172 250.84
-9.97328166119502 21.927749927741253 -1.200045642916015 29.74681648 106.55384171 250.84
-9.97328166221501 21.926641402917433 -1.2000456402993116 29.74681647 106.55384171 250.84
-9.97328166309616 21.925532877513294 -1.2000456357286051 29.74681646 106.55384171 250.84
-9.973281664200488 21.924424351737766 -1.2000456314465353 29.74681645 106.55384171 250.84
-9.973281666366976 21.922207299853973 -1.200045624177175 29.74681643 106.55384171 250.84
-9.974249007122314 21.921098774852414 -1.2000456212494583 29.74681642 106.5538417 250.84
-9.974249008184472 21.919990249148444 -1.200045618031119 29.74681641 106.5538417 250.84
-9.97424900902345 21.918881724220153 -1.2000456142930922 29.7468164 106.5538417 250.84
-9.97424901012778 21.91777319884893 -1.2000456097799823 29.74681639 106.5538417 250.84
-9.974249012028915 21.915556147408072 -1.2000456032857052 29.74681637 106.5538417 250.84
-9.974249012028915 21.915556147408072 -1.2000456032857052 29.74681637 106.5538417 250.84
-9.975216354569698 21.91444762226553 -1.200045601049803 29.74681636 106.55384169 250.84
-9.975216354569698 21.91444762226553 -1.200045601049803 29.74681636 106.55384169 250.84
-9.975216355716196 21.913339096014152 -1.2000455959350553 29.74681635 106.55384169 250.84
-9.975216355716196 21.913339096014152 -1.2000455959350553 29.74681635 106.55384169 250.84
-9.976183695367205 21.91333909678812 -1.2000455972894049 29.74681635 106.55384168 250.84
-9.976183710783149 21.913339131791968 -1.1900455984289096 29.74681635 106.55384168 250.85
-9.977151053100748 21.912230607425116 -1.1900455956733218 29.74681634 106.55384167 250.85
-9.978118393198118 21.91223060826491 -1.1900455971428645 29.74681634 106.55384166 250.85
-9.979085750177024 21.912230643282786 -1.180045597368398 29.74681634 106.55384165 250.86
-9.980053090274394 21.91223064412258 -1.180045598837939 29.74681634 106.55384164 250.86
-9.980053090274394 21.91223064412258 -1.180045598837939 29.74681634 106.55384164 250.86
-9.981987787489508 21.912230680560572 -1.170045602487022 29.74681634 106.55384162 250.87
-9.982955127363697 21.912230681367454 -1.1700456038989664 29.74681634 106.55384161 250.87
-9.983922484746794 21.91223071652271 -1.1600456053034218 29.74681634 106.5538416 250.88
-9.984889824397802 21.91223071729668 -1.1600456066577713 29.74681634 106.55384159 250.88
-9.982955143044991 21.912230715928366 -1.1600456042633898 29.74681634 106.55384161 250.88
-9.978118454680123 21.91333927129945 -1.150045601159654 29.74681635 106.55384166 250.89
-9.97424909113552 21.914447793895405 -1.1500455998778687 29.74681636 106.5538417 250.89
-9.969412386292552 21.91666484117952 -1.1500455981598314 29.74681638 106.55384175 250.89
-9.968445045314033 21.917773366148165 -1.1500456010299516 29.74681639 106.55384176 250.89
-9.968445059890998 21.918881926484595 -1.1400456056764394 29.7468164 106.55384176 250.9
-9.96844505887101 21.919990450904116 -1.1400456085241881 29.74681641 106.55384176 250.9
-9.96747771681876 21.921098975636635 -1.140045610042602 29.74681642 106.55384177 250.9
-9.96554303409627 21.922207500891083 -1.1400456124743243 29.74681643 106.55384179 250.9
