1.04279212  1.62066158
1.37693373  0.67813924
1.71436574  -0.26321012
2.05508405  -1.20337501
2.39908449  -2.14234395
2.74636287  -3.08010549
3.09691495  -4.01664819
3.45073645  -4.95196061
3.80782305  -5.88603134
4.16817047  -6.81884897
4.53177491  -7.75040186
4.89880267  -8.68060922
5.28708289  -9.60214790
5.68244398  -10.52067099
6.08486305  -11.43612386
6.49431614  -12.34845233
6.91077859  -13.25760252
7.33422573  -14.16352061
7.79411548  -15.05103212
8.34407427  -15.88566531
8.97946538  -16.65720213
9.70101443  -17.34869229
10.50041848  -17.94847963
11.36609519  -18.44787477
12.28550261  -18.83964217
13.24532017  -19.11810568
14.23164172  -19.27923136
15.23017734  -19.32068391
16.22143955  -19.20914817
17.20316650  -19.01885448
18.18535825  -18.83097452
19.16800881  -18.64550925
20.15111229  -18.46245996
21.13466272  -18.28182760
22.11865418  -18.10361339
23.10308070  -17.92781830
24.08793636  -17.75444349
25.07421363  -17.59000867
26.06535917  -17.45722867
27.05650878  -17.32447910
28.04766246  -17.19175996
29.03882022  -17.05907124
30.02998206  -16.92641296
31.02114796  -16.79378511
32.01231794  -16.66118768
33.00349199  -16.52862069
33.99467017  -16.39608461
34.98585243  -16.26357902
35.97703875  -16.13110387
36.96822915  -15.99865915
37.95942360  -15.86624486
38.95173795  -15.74399057
39.94862289  -15.66520771
40.94643500  -15.59919776
41.94501069  -15.54597258
42.94418614  -15.50554073
43.94379744  -15.47790798
44.94368064  -15.46307886
45.94367177  -15.46105729
46.94360676  -15.47184253
47.94332164  -15.49543239
48.94265244  -15.53182305
49.94143517  -15.58101035
50.93950608  -15.64298437
51.93670148  -15.71773495
52.93285779  -15.80525032
53.92263775  -15.94681379
54.91139175  -16.09636384
55.89985626  -16.24781547
56.88802777  -16.40116723
57.87590272  -16.55641790
58.86347712  -16.71356909
59.85074771  -16.87261776
60.83771059  -17.03356481
61.82436217  -17.19640941
62.81069899  -17.36114969
63.79671696  -17.52778777
64.78241289  -17.69632035
65.76778294  -17.86674794
66.75282338  -18.03907034
67.73790864  -18.21112644
68.72423043  -18.37594370
69.71174887  -18.53343255
70.70040961  -18.68358360
71.69015811  -18.82638876
72.68093971  -18.96184067
73.67269979  -19.08993184
74.66538365  -19.21065523
75.65893658  -19.32400417
76.65418144  -19.27635252
77.63907851  -19.10517725
78.60457219  -18.84605338
79.54282560  -18.50108417
80.44622301  -18.07306975
81.30743157  -17.56548426
82.11946093  -16.98244776
82.93097855  -16.40044312
83.68856741  -15.74916059
84.33981952  -14.99154559
84.86998064  -14.14476411
85.26703919  -13.22800125
85.52199923  -12.26202762
85.62908424  -11.26872878
85.58675864  -10.27051311
85.48749132  -9.27545312
85.39260725  -8.27996560
85.30210716  -7.28406997
85.21599264  -6.28778554
85.13426537  -5.29113162
85.05692692  -4.29412753
84.98398010  -3.29679251
84.91542516  -2.29914598
84.85126328  -1.30120729
84.79149572  -0.30299578
84.73612363  0.69546920
84.68514943  1.69416836
84.63857286  2.69308228
84.59639472  3.69219157
84.51255882  4.68803486
84.40352415  5.68207222
84.29819329  6.67650887
84.19656770  7.67133101
84.09864878  8.66652482
84.00443892  9.66207660
83.91393898  10.65797248
83.82714963  11.65419858
83.74407208  12.65074109
83.66470774  13.64758618
83.58905880  14.64472011
83.51712498  15.64212894
83.51883294  16.64154116
83.46866505  17.64007653
83.34861275  18.63263743
83.15926687  19.61433893
82.90155929  20.58034955
82.57480351  21.52514980
82.12778967  22.41867598
81.55505683  23.23732579
80.86889015  23.96353910
80.07020285  24.55833148
79.15636177  24.96392193
78.21690709  25.30602428
77.25624354  25.58303454
76.27887516  25.79365319
75.28938455  25.93689247
74.29253570  26.01433478
73.29549117  26.09095133
72.30014235  26.18712106
71.30687244  26.30280506
70.31606399  26.43795871
69.32809891  26.59253193
68.34335737  26.76646291
67.36221881  26.95968564
66.38506127  27.17212629
65.43530808  27.48079441
64.48722585  27.79874278
63.53171909  28.09362904
62.56934871  28.36528010
61.60067962  28.61353650
60.62628043  28.83825250
59.64672314  29.03929620
58.66258276  29.21654958
57.67852216  29.39163857
56.69990248  29.59712589
55.71543894  29.77249135
54.72605867  29.91757139
53.73269289  30.03222711
52.73627709  30.11635244
51.73774937  30.16986791
50.73804980  30.19272176
49.73811968  30.18489455
48.73890045  30.14639183
47.74133290  30.07725072
46.74573398  29.98360978
45.75006802  29.89061024
44.75420672  29.79972621
43.75815468  29.71095708
42.76191643  29.62430279
41.76549644  29.53976387
40.76889907  29.45734236
39.77212896  29.37703685
38.77519061  29.29884769
37.77808845  29.22277593
36.78082695  29.14882244
35.78304500  29.08271676
34.78506865  29.01920262
33.78781307  28.94522872
32.79138778  28.86080428
31.79590228  28.76593891
30.80146594  28.66064306
29.80818824  28.54492689
28.81617821  28.41880415
27.82554485  28.28228906
26.83639701  28.13539663
25.84884361  27.97814165
24.86288376  27.81117583
23.87796446  27.63817863
22.89454189  27.45686650
21.91268592  27.26725397
20.93246662  27.06935457
19.95395424  26.86318092
18.97721842  26.64874871
18.00232872  26.42607378
17.02935485  26.19517144
16.05836645  25.95605729
15.08838431  25.71292595
14.11670778  25.47661114
13.14489018  25.24087712
12.17293206  25.00572316
11.20083379  24.77114924
10.22859571  24.53715546
9.25621818  24.30374188
8.28370152  24.07090861
7.31104610  23.83865572
6.32293263  23.68969145
5.35014139  23.45974841
4.40458214  23.13553502
3.49536657  22.72017533
2.63125595  22.21767220
1.82057699  21.63286783
1.07114153  20.97139750
0.39017126  20.23963526
-0.21577188  19.44463250
-0.74084891  18.59404999
-1.18000010  17.69608411
-1.52899371  16.75938779
-1.78446677  15.79298722
-1.94509143  14.80633322
-2.03419871  13.81049194
-2.05770136  12.81094824
-2.01549908  11.81201936
-1.90777451  10.81801968
-1.73499267  9.83324233
-1.49789841  8.86194100
-1.19621831  7.90870050
-0.87231529  6.96261616
-0.53744460  6.02035804
-0.19165074  5.08205353
0.16502031  4.14782952
0.53251904  3.21781155
0.81361143  2.26611393
0.90542986  2.01529598